876914197
610554781
463109389
855203281
643981912
956054946
646055919
67093178
32296884
877429672
25626106
367043556
391307737
2737790
822482683
850772954
659358983
966817643
102723419
387234508
424095983
190466162
253466136
896444753
956643748
641080353
514136750
818970648
338548698
321577737
938283114
231363198
197595485
314217893
255388563
434002750
199150893
693620313
943140676
387155203
316097392
712570541
255211332
443701128
921473293
864207461
412720884
737887808
974465554
333540336
740749769
554558977
371016559
497403473
354054783
864907489
35190994
557100351
613259133
801486135
472206660
914205872
41084274
434854296
530842447
135576950
991535279
541250797
19290257
386136799
120509531
162792240
918870521
762245568
18783720
823921351
905873851
182494866
824419078
679964874
284895432
953676234
593381402
98534107
587638334
66411196
523138815
537505279
191079248
84709272
776125849
350306186
47513746
456200608
787200655
905412617
394287802
76566005
554945352
463833062
487769122
627584280
220492075
520547248
239674009
506710369
285186522
831248933
78505430
817666260
5831945
853859286
861839703
593346651
377693361
516232550
59742907
706553491
848709065
928698227
587100574
549897309
173279957
622139
760007009
166144871
234826800
810171938
888447538
712327438
244126207
758740660
274398048
293259110
255749097
669067874
922305161
569468778
898532236
130424717
49005818
519733729
818175769
847748029
393572794
748612313
741978502
991640338
544167199
864402655
358341646
54240100
704072201
36850542
166383545
900395914
188274955
67636904
136527824
748437564
988040492
157576764
367117508
471292316
815318293
714084787
317317670
907418199
691310228
822330381
108963898
86054832
796647038
902248976
704029838
818275949
346521807
502653671
712996382
90765730
754952107
192760015
424280682
351949840
558745514
808034247
665471282
90148074
41683362
533165792
938410135
987286060
694272804
865718057
474507937
367109334
830498400
673377318
692357483
516619841
435161741
808155000
864935699
384903064
941980401
202676739
256758831
628842916
86798087
753824663
114430664
964957850
916502777
722274215
269573579
298032700
645578698
768285192
428211660
305144871
229769535
