5694
5694
5694
5694
5694
5695
5696
5695
5695
5693
5694
5693
5694
5695
5696
5697
5697
5698
5697
5698
5696
5697
5701
5702
5703
5702
5703
5703
5701
5700
5700
5699
5700
5700
5701
5699
5699
5699
5699
5700
5700
5700
5700
5699
5703
5704
5703
5701
5699
5700
5700
5699
5698
5696
5694
5695
5698
5698
5697
5696
5696
5698
5699
5698
5698
5697
5699
5698
5699
5699
5703
5702
5703
5702
5703
5705
5702
5702
5701
5699
5696
5696
5694
5695
5695
5695
5695
5694
5693
5695
5694
5695
5695
5692
5693
5691
5691
5691
5692
5694
5693
5692
5694
5695
5694
5693
5691
5693
5694
5692
5691
5692
5690
5693
5692
5691
5694
5693
5692
5691
5692
5693
5694
5694
5695
5692
5693
5692
5691
5691
5688
5689
5689
5690
5691
5694
5693
5693
5689
5691
5691
5692
5690
5689
5689
5690
5688
5687
5686
5688
5686
5687
5687
5687
5686
5684
5685
5685
5686
5688
5686
5687
5688
5688
5687
5688
5686
5686
5684
5683
5685
5684
5686
5686
5686
5686
5683
5683
5683
5682
5683
5683
5683
5684
5683
5682
5683
5685
5686
5686
5685
5687
5686
5686
5689
5688
5687
5687
5687
5687
5684
5682
5683
5681
5682
5682
5682
5681
5681
5680
5679
5680
5678
5678
5679
5680
5680
5680
5680
5680
5681
5681
5681
5682
5681
5681
5683
5683
5684
5685
5686
5687
5687
5686
5683
5683
5683
5683
5683
5684
5684
5684
5684
5682
5679
5677
5676
5675
5675
5677
5677
5678
5679
5677
5677
5678
5677
5679
5678
5677
5681
5681
5681
5682
5680
5681
5684
5685
5686
5685
5685
5684
5684
5682
5685
5686
5684
5684
5682
5682
5681
5680
5680
5678
5680
5681
5681
5678
5677
5678
5678
5677
5679
5678
5681
5682
5684
5683
5682
5685
5689
5686
5688
5689
5690
5690
5689
5688
5690
5691
5692
5692
5689
5688
5688
5689
5688
5690
5690
5692
5693
5692
5689
5689
5688
5689
5688
5687
5687
5686
5687
5685
5685
5685
5686
5685
5686
5686
5685
5686
5687
5689
5687
5687
5691
5692
5691
5690
5688
5688
5688
5687
5688
5689
5688
5690
5689
5689
5690
5690
5691
5689
5689
5691
5691
5690
5691
5692
5693
5693
5693
5694
5692
5690
5692
5691
5690
5692
5695
5695
5698
5698
5699
5701
5701
5703
5703
5702
5700
5701
5701
5697
5698
5698
5696
5695
5696
5696
5696
5695
5695
5695
5691
5689
5689
5688
5688
5689
5690
5691
5692
5693
5693
5693
5691
5691
5692
5691
5692
5692
5692
5693
5693
5693
5692
5692
5693
5691
5692
5693
5694
5695
5693
5694
5691
5693
5693
5692
5692
5692
5691
5692
5692
5691
5691
5691
5693
5693
5694
5694
5692
5694
5693
5693
5693
5695
5701
5703
5702
5703
5702
5703
5703
5704
5704
5703
5705
5705
5705
5707
5707
5704
5703
5707
5711
5712
5712
5712
5712
5713
5713
5713
5712
5711
5710
5709
5707
5707
5706
5708
5711
5710
5711
5711
5712
5713
5714
5718
5717
5718
5719
5719
5718
5718
5717
5715
5716
5716
5716
5717
5719
5718
5720
5720
5721
5721
5722
5721
5720
5719
5718
5716
5714
5714
5712
5714
5714
5714
5715
5715
5716
5716
5715
5715
5715
5715
5716
5717
5716
5716
5717
5718
5719
5718
5718
5717
5717
5718
5715
5716
5717
5721
5721
5719
5719
5721
5722
5722
5721
5719
5720
5718
5717
5719
5722
5721
5721
5721
5721
5722
5718
5718
5719
5719
5719
5717
5719
5719
5720
5720
5719
5717
5717
5716
5716
5717
5716
5715
5714
5711
5710
5708
5706
5707
5704
5704
5706
5706
5706
5706
5708
5707
5712
5713
5713
5712
5711
5711
5713
5713
5714
5716
5715
5714
5717
5718
5719
5718
5716
5716
5718
5719
5719
5719
5719
5716
5717
5719
5719
5721
5721
5718
5716
5715
5713
5712
5713
5713
5714
5713
5713
5714
5714
5715
5716
5717
5718
5717
5716
5717
5716
5718
5720
5721
5723
5722
5722
5722
5726
5727
5727
5726
5725
5726
5724
5725
5725
5725
5724
5723
5722
5724
5724
5723
5722
5724
5723
5724
5722
5721
5722
5722
5720
5720
5720
5719
5718
5721
5720
5720
5718
5716
5716
5716
5714
5716
5716
5716
5717
5718
5718
5718
5717
5718
5719
5718
5717
5718
5718
5716
5716
5716
5715
5716
5716
5717
5716
5718
5721
5720
5718
5718
5718
5719
5719
5718
5719
5720
5718
5718
5717
5717
5718
5719
5719
5717
5719
5722
5722
5725
5726
5727
5726
5725
5725
5725
5728
5730
5730
5730
5729
5729
5729
5728
5730
5731
5730
5733
5733
5733
5733
5733
5733
5733
5730
5731
5732
5733
5732
5729
5726
5729
5730
5730
5729
5730
5728
5729
5726
5727
5727
5729
5730
5731
5731
5732
5735
5733
5734
5736
5736
5735
5735
5734
5735
5735
5736
5737
5737
5738
5741
5742
5743
5743
5742
5742
5742
5743
5742
5742
5740
5741
5741
5741
5742
5743
5744
5747
5746
5747
5745
5744
5745
5748
5748
5749
5749
5748
5749
5750
5752
5752
5751
5750
5749
5747
5747
5748
5747
5747
5746
5748
5747
5745
5744
5744
5748
5746
5747
5746
5746
5746
5745
5745
5744
5746
5746
5745
5745
5748
5748
5748
5748
5748
5748
5746
5744
5744
5743
5740
5740
5739
5738
5740
5743
5743
5743
5739
5740
5740
5738
5738
5738
5737
5737
5737
5737
5738
5736
5735
5736
5736
5735
5736
5736
5738
5739
5739
5739
5739
5737
5737
5739
5736
5737
5734
5734
5733
5731
5732
5729
5730
5730
5726
5727
5725
5723
5724
5725
5726
5728
5728
5729
5726
5726
5726
5728
5729
5730
5731
5730
5730
5731
5732
5732
5732
5733
5731
5731
5730
5729
5730
5728
5728
5728
5727
5726
5724
5723
5723
5724
5724
5723
5721
5720
5720
5721
5719
5717
5717
5719
5719
5720
5720
5717
5717
5717
5716
5715
5716
5716
5717
5715
5715
5717
5715
5715
5715
5715
5713
5715
5716
5717
5717
5717
5718
5720
5719
5719
5720
5722
5723
5725
5726
5726
5727
5728
5728
5727
5726
5725
5724
5725
5726
5728
5728
5726
5725
5726
5726
5724
5722
5722
5722
5724
5724
5725
5728
5727
5726
5726
5727
5730
5730
5729
5728
5729
5730
5730
5730
5729
5728
5730
5729
5727
5728
5728
5728
5729
5729
5727
5729
5729
5729
5729
5728
5728
5729
5731
5729
5728
5728
5728
5727
5726
5727
5727
5725
5725
5725
5725
5724
5724
5724
5725
5725
5726
5726
5728
5727
5726
5725
5725
5725
5725
5726
5727
5729
5731
5731
5731
5729
5731
5731
5731
5731
5729
5730
5730
5730
5732
5734
5738
5738
5737
5738
5735
5734
5733
5735
5735
5734
5734
5734
5734
5735
5737
5736
5736
5737
5739
5739
5740
5740
5741
5742
5743
5743
5742
5740
5742
5739
5740
5738
5737
5738
5740
5740
5741
5742
5742
5741
5744
5744
5743
5741
5742
5740
5739
5736
5736
5735
5735
5734
5734
5732
5732
5732
5734
5735
5736
5735
5736
5736
5737
5736
5736
5734
5734
5732
5735
5739
5738
5741
5741
5741
5740
5739
5737
5735
5734
5733
5734
5734
5733
5733
5733
5731
5731
5731
5732
5735
5734
5733
5736
5734
5734
5733
5730
5727
5727
5727
5726
5726
5728
5728
5729
5731
5733
5734
5735
5736
5736
5734
5733
5731
5732
5730
5728
5728
5727
5727
5727
5728
5727
5727
5726
5723
5726
5727
5726
5725
5724
5723
5721
5723
5723
5725
5723
5722
5724
5723
5724
5725
5722
5723
5721
5723
5721
5722
5719
5719
5718
5715
5716
5714
5715
5713
5713
5714
5713
5709
5709
5708
5708
5705
5705
5706
5705
5708
5708
5710
5709
5712
5712
5714
5714
5715
5715
5718
5717
5717
5714
5714
5715
5715
5716
5717
5718
5715
5716
5713
5713
5712
5712
5712
5713
5714
5716
5713
5714
5714
5713
5713
5711
5713
5715
5715
5716
5716
5715
5712
5712
5712
5709
5710
5708
5709
5709
5709
5710
5713
5714
5713
5714
5714
5714
5713
5713
5714
5714
5715
5713
5714
5716
5714
5712
5711
5710
5712
5713
5712
5712
5710
5711
5711
5712
5710
5712
5711
5711
5711
5713
5714
5714
5713
5712
5715
5717
5718
5718
5717
5715
5716
5714
5716
5713
5714
5713
5715
5715
5715
5717
5716
5714
5712
5710
5708
5706
5707
5707
5708
5707
5709
5708
5709
5709
5710
5710
5711
5711
5712
5713
5713
5715
5714
5713
5714
5715
5712
5714
5714
5709
5711
5713
5712
5715
5716
5715
5713
5712
5710
5710
5711
5710
5712
5713
5713
5714
5713
5711
5710
5710
5710
5707
5707
5707
5707
5706
5705
5705
5704
5705
5705
5704
5706
5707
5706
5707
5708
5710
5710
5711
5709
5710
5709
5711
5709
5709
5710
5709
5710
5710
5708
5708
5709
5707
5706
5703
5704
5702
5700
5701
5700
5695
5696
5696
5694
5696
5695
5694
5694
5692
5691
5689
5689
5689
5689
5692
5692
5692
5694
5693
5692
5691
5691
5690
5688
5686
5684
5684
5685
5685
5686
5684
5681
5683
5684
5681
5683
5686
5686
5685
5684
5684
5683
5684
5684
5684
5684
5686
5685
5685
5686
5686
5685
5683
5683
5685
5686
5687
5688
5688
5687
5686
5687
5689
5692
5693
5694
5696
5698
5698
5698
5698
5697
5697
5699
5700
5700
5700
5699
5698
5697
5699
5701
5702
5705
5704
5703
5705
5705
5704
5706
5704
5704
5705
5704
5704
5703
5703
5702
5702
5704
5703
5703
5702
5701
5700
5701
5701
5700
5704
5705
5705
5704
5703
5705
5705
5704
5705
5704
5704
5703
5703
5703
5700
5700
5700
5700
5700
5699
5700
5698
5698
5697
5696
5697
5697
5699
5702
5701
5700
5700
5701
5701
5700
5700
5702
5702
5705
5706
5707
5708
5705
5702
5702
5701
5703
5704
5705
5705
5705
5707
5707
5707
5705
5704
5703
5703
5702
5701
5702
5703
5703
5701
5703
5702
5702
5701
5701
5701
5700
5701
5702
5702
5701
5700
5700
5701
5703
5702
5701
5700
5701
5701
5701
5699
5696
5696
5697
5697
5698
5700
5697
5698
5700
5700
5702
5703
5702
5701
5701
5701
5701
5702
5703
5705
5705
5706
5705
5704
5706
5707
5705
5703
5700
5698
5698
5698
5699
5699
5696
5696
5694
5695
5696
5697
5698
5698
5697
5699
5698
5696
5696
5696
5696
5698
5698
5698
5698
5699
5699
5698
5699
5699
5700
5700
5700
5701
5702
5704
5704
5703
5703
5703
5703
5703
5703
5704
5705
5706
5704
5704
5705
5707
5708
5710
5711
5711
5713
5713
5711
5710
5709
5708
5706
5705
5707
5707
5706
5705
5704
5704
5701
5698
5698
5698
5698
5699
5697
5693
5694
5696
5694
5693
5696
5696
5696
5693
5693
5693
5697
5698
5698
5698
5698
5698
5700
5702
5700
5702
5701
5702
5700
5698
5697
5696
5695
5695
5696
5695
5695
5697
5696
5696
5696
5696
5697
5700
5698
5698
5698
5699
5701
5699
5701
5701
5701
5701
5701
5700
5699
5699
5699
5701
5701
5701
5701
5701
5700
5700
5701
5699
5699
5698
5697
5697
5697
5697
5697
5698
5700
5698
5700
5698
5699
5696
5695
5693
5697
5697
5696
5697
5693
5694
5697
5697
5696
5694
5693
5692
5693
5692
5692
5691
5693
5692
5693
5693
5694
5695
5696
5695
5695
5693
5694
5697
5699
5700
5698
5698
5701
5705
5703
5702
5699
5698
5700
5701
5702
5701
5700
5699
5699
5699
5699
5700
5700
5700
5697
5698
5695
5694
5695
5692
5690
5690
5690
5689
5690
5688
5687
5688
5689
5690
5691
5690
5692
5690
5693
5694
5694
5696
5696
5697
5695
5697
5698
5698
5700
5698
5695
5696
5695
5695
5697
5695
5694
5696
5695
5697
5697
5698
5699
5698
5698
5699
5702
5700
5700
5699
5698
5700
5698
5699
5697
5699
5698
5698
5698
5697
5697
5695
5695
5693
5693
5694
5695
5695
5696
5696
5695
5696
5695
5697
5696
5694
5693
5693
5693
5692
5692
5691
5689
5689
5690
5687
5685
5685
5687
5686
5684
5684
5684
5685
5685
5685
5685
5685
5683
5683
5684
5685
5685
5684
5684
5684
5684
5682
5684
5682
5682
5682
5683
5684
5685
5686
5686
5684
5685
5688
5687
5689
5689
5690
5689
5685
5686
5686
5685
5685
5686
5687
5686
5689
5688
5687
5687
5689
5687
5685
5685
5685
5685
5683
5683
5682
5681
5679
5680
5684
5685
5687
5684
5685
5683
5684
5682
5682
5684
5681
5680
5682
5683
5684
5684
5685
5687
5687
5688
5686
5683
5683
5683
5685
5685
5685
5685
5685
5685
5685
5685
5685
5688
5689
5689
5688
5686
5686
5686
5686
5686
5686
5686
5686
5685
5685
5688
5691
5690
5688
5691
5692
5692
5690
5692
5693
5695
5695
5695
5696
5696
5695
5697
5696
5698
5697
5696
5696
5696
5697
5698
5697
5698
5698
5699
5697
5697
5697
5695
5695
5694
5692
5691
5690
5691
5692
5691
5694
5695
5695
5693
5691
5693
5696
5695
5698
5697
5697
5699
5699
5699
5699
5701
5700
5699
5698
5698
5699
5699
5698
5697
5700
5698
5696
5697
5696
5696
5697
5696
5698
5694
5694
5694
5695
5695
5693
5692
5692
5696
5697
5698
5699
5698
5699
5700
5700
5702
5701
5701
5701
5701
5701
5700
5699
5699
5702
5703
5701
5700
5700
5702
5702
5703
5703
5704
5704
5704
5703
5704
5704
5703
5702
5702
5707
5707
5707
5705
5703
5704
5706
5705
5708
5708
5707
5709
5708
5708
5708
5709
5708
5709
5709
5710
5712
5712
5713
5716
5718
5718
5717
5716
5717
5716
5714
5713
5712
5712
5715
5712
5712
5712
5711
5712
5712
5711
5712
5713
5712
5710
5709
5708
5709
5711
5711
5711
5708
5707
5710
5710
5709
5707
5708
5711
5711
5710
5710
5708
5706
5705
5704
5705
5708
5708
5708
5709
5710
5710
5711
5712
5711
5712
5711
5710
5710
5711
5709
5708
5709
5707
5707
5707
5705
5705
5707
5707
5707
5707
5705
5705
5706
5705
5706
5706
5707
5707
5705
5708
5710
5713
5712
5712
5712
5714
5714
5711
5709
5709
5709
5711
5711
5710
5712
5712
5713
5716
5717
5717
5716
5717
5715
5715
5713
5713
5714
5715
5714
5713
5718
5718
5719
5723
5724
5725
5726
5727
5730
5732
5731
5727
5726
5727
5728
5726
5724
5721
5720
5722
5723
5724
5725
5726
5726
5727
5727
5728
5728
5729
5730
5730
5730
5731
5730
5731
5731
5732
5732
5731
5731
5731
5729
5730
5729
5727
5727
5727
5727
5727
5726
5727
5727
5728
5729
5730
5730
5731
5728
5728
5728
5727
5728
5728
5727
5730
5730
5731
5731
5733
5733
5731
5729
5728
5729
5730
5728
5727
5726
5725
5724
5726
5727
5728
5729
5729
5730
5729
5728
5727
5727
5728
5727
5725
5724
5724
5725
5724
5724
5722
5724
5723
5722
5722
5721
5724
5723
5724
5719
5717
5717
5718
5719
5720
5719
5719
5718
5713
5712
5711
5713
5714
5713
5714
5716
5716
5714
5713
5711
5711
5711
5711
5712
5713
5714
5715
5717
5716
5716
5717
5716
5715
5716
5716
5715
5716
5716
5715
5715
5715
5714
5715
5716
5717
5719
5720
5719
5719
5717
5717
5717
5718
5718
5719
5719
5720
5721
5718
5717
5718
5717
5716
5715
5717
5717
5718
5717
5717
5717
5716
5712
5712
5713
5713
5713
5713
5712
5716
5714
5715
5714
5713
5715
5715
5713
5714
5716
5715
5715
5715
5715
5715
5714
5715
5714
5714
5713
5713
5713
5716
5717
5715
5716
5717
5716
5717
5718
5718
5719
5719
5718
5719
5718
5717
5717
5717
5716
5714
5712
5711
5712
5713
5715
5714
5714
5713
5713
5713
5717
5716
5719
5720
5722
5724
5723
5720
5719
5718
5718
5717
5716
5714
5715
5716
5717
5718
5716
5715
5715
5717
5717
5717
5718
5719
5721
5721
5720
5719
5719
5720
5720
5721
5723
5724
5721
5720
5718
5716
5718
5717
5717
5716
5717
5717
5716
5717
5718
5717
5716
5719
5718
5717
5717
5717
5717
5717
5717
5717
5717
5717
5718
5717
5717
5714
5711
5711
5709
5709
5709
5708
5709
5711
5712
5710
5711
5712
5713
5714
5715
5715
5715
5715
5714
5716
5717
5717
5716
5716
5714
5713
5712
5713
5713
5713
5714
5712
5711
5713
5713
5713
5713
5714
5713
5712
5713
5712
5712
5713
5714
5714
5713
5712
5714
5716
5717
5718
5720
5721
5721
5721
5720
5721
5721
5721
5722
5722
5723
5723
5724
5723
5722
5721
5720
5719
5720
5719
5721
5721
5723
5723
5724
5725
5723
5723
5724
5724
5722
5722
5722
5723
5723
5723
5726
5723
5721
5718
5719
5721
5721
5721
5719
5721
5721
5721
5721
5723
5722
5722
5723
5725
5728
5726
5728
5725
5727
5725
5725
5724
5723
5723
5726
5727
5730
5731
5731
5731
5731
5731
5730
5731
5730
5732
5733
5731
5730
5731
5731
5734
5735
5735
5735
5734
5734
5734
5735
5735
5734
5734
5734
5735
5733
5733
5732
5734
5735
5740
5739
5738
5738
5737
5739
5740
5738
5737
5735
5735
5736
5738
5738
5738
5741
5740
5738
5737
5738
5739
5741
5741
5742
5741
5740
5739
5740
5740
5741
5742
5742
5743
5739
5737
5737
5738
5738
5738
5738
5738
5742
5742
5744
5746
5746
5746
5747
5746
5747
5747
5747
5745
5746
5745
5746
5746
5747
5744
5744
5744
5741
5742
5742
5743
5745
5745
5746
5747
5746
5747
5747
5746
5746
5746
5745
5745
5745
5747
5745
5743
5746
5748
5747
5747
5748
5749
5749
5750
5749
5750
5748
5747
5748
5748
5748
5748
5750
5749
5749
5749
5748
5749
5748
5748
5747
5746
5745
5746
5746
5745
5745
5743
5741
5742
5743
5743
5743
5744
5742
5740
5743
5742
5742
5742
5740
5740
5740
5742
5744
5746
5745
5744
5746
5744
5744
5744
5744
5742
5743
5743
5742
5742
5741
5739
5740
5739
5737
5737
5738
5737
5734
5732
5732
5732
5732
5731
5731
5730
5732
5732
5732
5732
5732
5733
5734
5736
5735
5736
5738
5738
5738
5739
5738
5737
5734
5735
5732
5732
5733
5734
5734
5734
5734
5733
5732
5733
5733
5731
5731
5732
5730
5732
5732
5729
5729
5730
5729
5729
5727
5727
5727
5725
5727
5729
5728
5728
5728
5728
5726
5726
5726
5726
5724
5724
5726
5727
5727
5727
5728
5729
5728
5725
5725
5726
5727
5726
5726
5725
5725
5726
5724
5723
5724
5725
5725
5725
5727
5729
5729
5727
5728
5727
5728
5730
5729
5729
5728
5728
5726
5728
5726
5728
5728
5728
5731
5731
5735
5735
5736
5736
5736
5738
5738
5737
5737
5736
5738
5739
5738
5739
5739
5737
5738
5739
5740
5738
5736
5735
5735
5734
5732
5734
5734
5733
5734
5734
5734
5735
5736
5736
5739
5738
5738
5738
5738
5738
5738
5737
5736
5735
5735
5733
5735
5738
5738
5739
5739
5739
5739
5740
5740
5741
5741
5739
5739
5740
5739
5738
5738
5738
5739
5741
5742
5741
5742
5742
5742
5742
5742
5742
5745
5745
5749
5750
5751
5753
5753
5752
5752
5753
5751
5753
5754
5754
5754
5753
5752
5753
5755
5755
5754
5752
5754
5754
5754
5755
5755
5756
5754
5755
5756
5756
5754
5754
5754
5755
5755
5753
5755
5754
5753
5753
5754
5754
5752
5753
5754
5755
5753
5753
5754
5754
5754
5755
5757
5756
5755
5753
5752
5752
5753
5752
5752
5753
5752
5752
5753
5754
5756
5755
5755
5755
5756
5756
5758
5758
5758
5757
5758
5756
5756
5756
5757
5757
5757
5756
5756
5756
5757
5757
5756
5757
5756
5754
5753
5753
5751
5753
5754
5753
5751
5749
5750
5750
5749
5749
5751
5749
5751
5753
5755
5755
5756
5755
5755
5756
5754
5754
5756
5758
5758
5759
5759
5759
5758
5754
5751
5754
5754
5753
5753
5751
5748
5749
5749
5746
5744
5747
5743
5742
5743
5741
5741
5741
5741
5740
5740
5739
5738
5740
5739
5741
5739
5740
5739
5739
5741
5741
5742
5740
5742
5742
5741
5742
5742
5742
5742
5741
5743
5742
5743
5745
5745
5744
5745
5747
5747
5749
5749
5748
5750
5751
5750
5749
5750
5750
5749
5749
5749
5746
5746
5742
5744
5744
5746
5745
5745
5744
5744
5743
5743
5745
5745
5746
5745
5743
5743
5742
5744
5744
5744
5741
5740
5740
5739
5738
5739
5738
5738
5740
5741
5743
5743
5746
5747
5748
5748
5748
5747
5745
5745
5746
5749
5751
5749
5751
5750
5751
5749
5749
5750
5750
5751
5750
5750
5749
5749
5748
5750
5750
5750
5750
5750
5749
5751
5751
5752
5751
5752
5752
5752
5753
5752
5748
5748
5751
5752
5754
5757
5756
5759
5761
5765
5761
5762
5762
5760
5760
5759
5757
5759
5758
5756
5759
5761
5762
5763
5761
5761
5761
5759
5759
5759
5758
5756
5756
5755
5757
5757
5759
5761
5760
5759
5759
5755
5755
5752
5754
5755
5753
5752
5750
5751
5752
5753
5752
5752
5753
5754
5752
5753
5752
5752
5752
5753
5754
5754
5755
5756
5760
5760
5759
5759
5758
5757
5758
5757
5759
5761
5760
5760
5759
5758
5761
5761
5757
5758
5759
5759
5757
5757
5754
5754
5754
5754
5752
5752
5751
5753
5752
5753
5756
5755
5755
5755
5756
5756
5755
5757
5757
5756
5759
5760
5758
5758
5759
5758
5759
5760
5761
5762
5766
5768
5767
5766
5766
5767
5766
5767
5767
5768
5767
5767
5768
5768
5768
5768
5768
5767
5767
5768
5769
5769
5770
5770
5768
5767
5768
5768
5767
5768
5770
5768
5770
5770
5770
5770
5770
5771
5769
5770
5769
5772
5772
5772
5774
5772
5772
5773
5773
5772
5772
5771
5767
5767
5765
5765
5766
5769
5769
5769
5769
5767
5767
5766
5769
5769
5769
5768
5769
5771
5771
5770
5770
5769
5767
5766
5764
5763
5764
5764
5765
5766
5765
5765
5765
5764
5764
5763
5763
5762
5763
5763
5763
5765
5766
5766
5767
5767
5768
5769
5768
5767
5767
5766
5766
5763
5763
5762
5763
5763
5763
5764
5764
5764
5764
5762
5761
5761
5758
5758
5759
5760
5760
5762
5761
5762
5763
5764
5763
5764
5765
5765
5766
5768
5770
5771
5770
5771
5770
5774
5775
5775
5775
5772
5770
5769
5770
5769
5770
5768
5768
5768
5770
5770
5769
5768
5768
5767
5767
5768
5768
5766
5766
5764
5764
5763
5765
5766
5765
5766
5763
5765
5767
5767
5769
5768
5769
5770
5768
5767
5765
5766
5767
5767
5765
5768
5770
5771
5772
5767
5766
5765
5766
5764
5764
5763
5764
5763
5764
5762
5763
5763
5763
5765
5764
5765
5767
5770
5772
5770
5769
5770
5768
5768
5765
5763
5763
5765
5764
5763
5765
5765
5765
5766
5767
5765
5765
5764
5764
5763
5764
5764
5761
5760
5764
5764
5763
5763
5763
5763
5763
5763
5761
5762
5762
5760
5761
5760
5759
5758
5761
5761
5760
5761
5761
5760
5760
5760
5758
5759
5758
5757
5753
5751
5752
5754
5752
5753
5754
5756
5757
5754
5755
5757
5755
5757
5757
5756
5757
5756
5755
5754
5751
5752
5753
5751
5751
5750
5750
5750
5751
5751
5751
5752
5752
5754
5755
5754
5754
5754
5756
5753
5754
5755
5756
5755
5755
5754
5754
5755
5755
5754
5754
5754
5754
5754
5754
5753
5751
5752
5752
5750
5753
5753
5753
5756
5756
5755
5755
5757
5757
5755
5755
5754
5755
5754
5754
5754
5754
5753
5754
5755
5754
5751
5753
5752
5753
5752
5753
5753
5754
5755
5754
5753
5755
5756
5758
5759
5759
5759
5761
5761
5761
5760
5760
5761
5759
5757
5757
5755
5754
5755
5754
5754
5754
5753
5754
5754
5756
5756
5759
5757
5756
5754
5753
5753
5752
5749
5749
5749
5749
5750
5750
5749
5750
5751
5750
5752
5751
5751
5751
5752
5748
5750
5750
5750
5749
5748
5748
5750
5748
5747
5747
5747
5747
5748
5746
5748
5748
5748
5749
5748
5747
5747
5746
5747
5746
5747
5747
5747
5746
5742
5745
5744
5745
5746
5744
5744
5745
5745
5744
5742
5742
5741
5735
5735
5735
5733
5736
5739
5739
5736
5736
5736
5734
5733
5734
5733
5734
5730
5730
5729
5729
5728
5725
5726
5726
5726
5726
5728
5728
5728
5729
5727
5727
5728
5728
5728
5727
5725
5725
5724
5723
5721
5720
5721
5723
5725
5727
5727
5727
5725
5725
5725
5725
5724
5723
5722
5720
5722
5723
5721
5721
5718
5717
5716
5716
5714
5713
5711
5706
5707
5709
5709
5707
5706
5705
5703
5700
5700
5700
5700
5699
5698
5695
5695
5694
5695
5697
5696
5696
5697
5697
5698
5696
5697
5701
5704
5704
5702
5703
5702
5702
5702
5700
5700
5700
5701
5705
5704
5704
5705
5705
5705
5706
5706
5707
5706
5705
5709
5709
5709
5709
5710
5708
5706
5706
5708
5709
5708
5709
5708
5709
5710
5710
5711
5712
5714
5713
5716
5714
5710
5708
5708
5707
5709
5709
5708
5709
5710
5709
5709
5709
5709
5707
5708
5708
5707
5708
5709
5710
5707
5706
5704
5705
5706
5706
5707
5707
5704
5703
5703
5700
5702
5703
5701
5701
5699
5701
5701
5702
5703
5705
5707
5709
5709
5706
5704
5704
5702
5704
5705
5704
5702
5705
5705
5706
5709
5708
5709
5709
5709
5710
5711
5714
5713
5713
5715
5715
5714
5714
5714
5714
5713
5714
5717
5717
5719
5717
5717
5717
5716
5716
5715
5714
5715
5715
5714
5715
5714
5716
5717
5716
5715
5715
5715
5716
5717
5718
5717
5716
5716
5717
5719
5720
5720
5719
5719
5720
5719
5719
5720
5722
5722
5723
5723
5723
5723
5723
5724
5724
5725
5728
5726
5726
5726
5727
5725
5726
5725
5726
5724
5725
5725
5726
5724
5725
5723
5723
5722
5724
5726
5726
5725
5724
5724
5723
5723
5723
5721
5717
5714
5711
5712
5711
5709
5709
5711
5707
5708
5709
5709
5711
5712
5714
5714
5713
5714
5716
5713
5713
5713
5718
5717
5717
5717
5717
5718
5718
5719
5720
5719
5720
5723
5719
5719
5716
5719
5718
5719
5721
5720
5720
5721
5717
5717
5716
5720
5719
5718
5715
5715
5715
5718
5720
5720
5719
5719
5717
5721
5723
5724
5725
5726
5727
5727
5726
5725
5726
5730
5732
5732
5731
5732
5732
5731
5731
5732
5731
5731
5731
5730
5731
5732
5733
5729
5729
5727
5727
5725
5723
5722
5721
5720
5720
5720
5718
5717
5718
5717
5717
5716
5716
5714
5715
5714
5713
5711
5710
5710
5707
5710
5712
5715
5712
5713
5715
5717
5716
5715
5715
5715
5717
5718
5716
5713
5712
5711
5710
5710
5708
5710
5710
5711
5713
5713
5714
5713
5714
5712
5713
5713
5714
5713
5710
5708
5708
5708
5704
5705
5705
5705
5704
5705
5706
5706
5706
5706
5703
5704
5704
5703
5702
5703
5704
5705
5703
5705
5705
5705
5702
5699
5696
5696
5696
5696
5697
5697
5699
5700
5702
5699
5698
5698
5699
5698
5698
5698
5696
5694
5694
5693
5693
5693
5692
5693
5692
5694
5696
5694
5693
5692
5690
5692
5692
5693
5693
5691
5690
5690
5693
5694
5693
5694
5695
5696
5696
5694
5694
5693
5691
5691
5688
5689
5693
5691
5690
5689
5691
5691
5692
5693
5691
5689
5687
5687
5687
5687
5688
5687
5685
5684
5683
5686
5683
5684
5687
5687
5685
5684
5685
5687
5687
5686
5685
5684
5685
5684
5686
5686
5685
5684
5683
5684
5682
5682
5683
5684
5684
5683
5684
5687
5686
5687
5688
5684
5681
5682
5680
5680
5681
5680
5680
5680
5681
5681
5684
5686
5687
5687
5685
5686
5688
5690
5689
5691
5691
5692
5690
5689
5686
5684
5682
5681
5682
5683
5684
5683
5684
5682
5683
5685
5684
5684
5685
5684
5684
5683
5683
5683
5685
5685
5685
5687
5687
5687
5688
5690
5689
5690
5691
5690
5691
5689
5689
5693
5693
5695
5694
5694
5694
5697
5696
5696
5695
5694
5695
5695
5694
5692
5691
5691
5690
5688
5687
5687
5688
5687
5686
5687
5687
5687
5690
5692
5693
5692
5693
5693
5692
5693
5694
5695
5698
5701
5700
5699
5698
5700
5702
5701
5700
5698
5700
5701
5702
5702
5701
5701
5702
5702
5703
5704
5702
5702
5701
5701
5700
5700
5698
5698
5695
5697
5698
5698
5699
5697
5697
5697
5697
5697
5697
5697
5696
5698
5697
5696
5697
5699
5699
5697
5696
5695
5696
5696
5696
5699
5699
5697
5695
5696
5697
5698
5696
5697
5697
5698
5699
5698
5699
5697
5698
5698
5698
5698
5698
5699
5701
5701
5701
5699
5698
5696
5696
5694
5692
5694
5694
5694
5695
5695
5694
5695
5697
5697
5697
5694
5692
5692
5694
5694
5693
5692
5692
5693
5693
5696
5696
5696
5699
5698
5698
5698
5699
5700
5700
5704
5706
5707
5707
5709
5709
5712
5712
5711
5709
5709
5704
5703
5704
5704
5702
5701
5700
5698
5699
5697
5699
5699
5698
5698
5699
5700
5701
5700
5701
5700
5700
5697
5694
5693
5697
5697
5695
5696
5694
5692
5694
5692
5691
5690
5690
5689
5689
5687
5685
5687
5688
5689
5691
5691
5696
5695
5695
5696
5695
5699
5697
5695
5692
5694
5694
5697
5696
5695
5696
5697
5697
5698
5696
5698
5698
5698
5697
5698
5695
5695
5696
5694
5691
5692
5692
5693
5695
5694
5693
5693
5692
5692
5694
5692
5690
5690
5688
5692
5692
5692
5690
5693
5696
5694
5695
5696
5694
5693
5693
5695
5695
5696
5695
5695
5695
5695
5694
5695
5692
5693
5689
5690
5690
5690
5689
5690
5690
5690
5690
5690
5691
5694
5695
5695
5695
5697
5698
5699
5697
5698
5697
5695
5694
5693
5692
5694
5692
5693
5694
5695
5693
5693
5690
5689
5690
5689
5688
5691
5693
5694
5695
5694
5697
5698
5700
5699
5699
5701
5700
5698
5697
5697
5694
5692
5694
5695
5694
5695
5698
5698
5698
5696
5696
5698
5699
5699
5697
5696
5697
5698
5699
5699
5699
5699
5698
5699
5700
5698
5699
5701
5702
5702
5702
5702
5702
5699
5698
5697
5696
5696
5698
5698
5700
5699
5697
5697
5699
5699
5701
5699
5699
5700
5700
5700
5700
5699
5698
5698
5698
5697
5697
5697
5697
5696
5696
5696
5698
5700
5701
5701
5699
5698
5699
5700
5700
5701
5700
5701
5701
5699
5700
5701
5699
5699
5698
5701
5702
5703
5701
5702
5703
5705
5707
5708
5708
5710
5710
5708
5710
5710
5707
5709
5708
5707
5709
5708
5708
5707
5710
5711
5710
5709
5708
5713
5715
5712
5713
5711
5711
5712
5711
5711
5713
5714
5714
5715
5713
5714
5715
5715
5716
5714
5714
5710
5707
5706
5706
5704
5703
5702
5704
5704
5704
5705
5704
5703
5703
5703
5704
5705
5707
5708
5709
5709
5708
5709
5709
5705
5706
5709
5710
5711
5712
5711
5710
5709
5711
5711
5710
5710
5710
5709
5710
5711
5712
5712
5713
5712
5712
5711
5711
5711
5711
5713
5713
5716
5715
5716
5716
5716
5717
5717
5716
5717
5717
5713
5714
5714
5713
5714
5714
5712
5711
5710
5711
5712
5713
5714
5714
5711
5710
5711
5711
5711
5712
5712
5713
5714
5716
5716
5717
5718
5718
5719
5720
5722
5721
5718
5716
5715
5714
5714
5713
5710
5709
5709
5710
5712
5711
5712
5712
5711
5713
5712
5710
5710
5710
5708
5709
5707
5707
5709
5709
5710
5711
5710
5710
5710
5709
5708
5710
5710
5710
5711
5713
5714
5715
5715
5712
5715
5716
5717
5717
5714
5715
5715
5714
5712
5712
5712
5712
5713
5714
5715
5714
5712
5713
5714
5714
5714
5713
5714
5714
5714
5714
5715
5714
5713
5713
5713
5713
5711
5710
5712
5712
5711
5711
5709
5710
5709
5707
5708
5708
5707
5707
5706
5706
5705
5703
5702
5701
5699
5698
5697
5698
5697
5697
5698
5698
5696
5696
5696
5695
5694
5695
5694
5696
5696
5697
5696
5694
5693
5690
5690
5692
5692
5693
5692
5696
5696
5697
5697
5699
5697
5699
5701
5702
5702
5702
5704
5706
5704
5706
5707
5706
5705
5702
5703
5705
5706
5707
5707
5707
5707
5707
5704
5705
5704
5706
5707
5709
5709
5709
5708
5707
5706
5709
5708
5708
5708
5707
5709
5708
5709
5709
5709
5709
5711
5713
5710
5709
5710
5712
5712
5713
5713
5713
5711
5711
5710
5712
5713
5712
5713
5712
5713
5713
5713
5713
5714
5716
5715
5715
5715
5715
5716
5715
5714
5712
5712
5708
5704
5706
5706
5706
5708
5707
5705
5704
5703
5704
5705
5705
5706
5706
5705
5706
5708
5710
5710
5709
5708
5705
5704
5706
5708
5708
5705
5707
5705
5705
5704
5705
5705
5702
5700
5700
5698
5696
5698
5698
5697
5697
5697
5697
5698
5698
5699
5699
5699
5703
5705
5705
5704
5706
5704
5703
5703
5704
5706
5707
5707
5705
5707
5708
5708
5710
5710
5708
5708
5708
5709
5709
5708
5707
5706
5704
5705
5707
5706
5705
5706
5704
5706
5707
5707
5708
5710
5709
5709
5710
5710
5710
5710
5710
5710
5707
5704
5706
5706
5708
5709
5710
5712
5712
5712
5712
5713
5715
5716
5717
5717
5718
5719
5719
5719
5719
5718
5716
5716
5718
5718
5718
5718
5715
5712
5708
5708
5706
5706
5705
5707
5707
5706
5707
5706
5705
5708
5709
5706
5705
5705
5705
5703
5702
5702
5701
5701
5698
5696
5699
5701
5700
5701
5698
5697
5694
5694
5695
5695
5694
5693
5693
5691
5692
5689
5689
5688
5688
5687
5688
5691
5690
5691
5691
5692
5692
5691
5690
5688
5688
5689
5688
5690
5692
5692
5692
5692
5692
5692
5692
5693
5692
5692
5692
5692
5691
5692
5692
5692
5695
5693
5694
5694
5695
5695
5693
5694
5696
5695
5695
5696
5697
5697
5697
5698
5698
5699
5699
5700
5699
5699
5702
5700
5701
5702
5703
5703
5703
5702
5701
5702
5703
5703
5703
5701
5703
5703
5703
5704
5705
5706
5705
5705
5706
5707
5706
5709
5709
5710
5712
5716
5717
5715
5717
5714
5714
5714
5712
5712
5713
5712
5713
5714
5713
5714
5712
5712
5712
5712
5711
5710
5709
5708
5705
5704
5703
5704
5704
5703
5703
5703
5703
5704
5702
5703
5705
5706
5706
5705
5705
5705
5705
5706
5706
5705
5703
5703
5700
5700
5700
5700
5700
5700
5701
5701
5702
5702
5703
5701
5700
5702
5702
5703
5705
5705
5706
5704
5708
5707
5706
5705
5703
5702
5702
5701
5701
5701
5700
5700
5702
5699
5699
5697
5698
5696
5697
5697
5698
5697
5696
5696
5696
5696
5696
5697
5697
5697
5698
5697
5697
5699
5697
5696
5695
5694
5693
5694
5694
5692
5690
5690
5692
5692
5689
5693
5694
5694
5695
5695
5693
5692
5692
5693
5693
5691
5692
5691
5693
5694
5693
5694
2641
2640
2640
2639
2639
2640
2639
2640
2644
2644
2643
2646
2646
2645
2642
2641
2642
2646
2648
2647
2649
2647
2647
2646
2645
2645
2645
2644
2645
2644
2644
2642
2643
2643
2643
2642
2642
2642
2641
2643
2644
2645
2647
2645
2645
2641
2641
2638
2636
2638
2638
2639
2641
2643
2643
2641
2640
2639
2637
2635
2637
2638
2638
2639
2639
2639
2638
2638
2638
2636
2640
2640
2641
2639
2642
2642
2642
2643
2644
2643
2642
2641
2640
2639
2639
2639
2640
2640
2639
2640
2639
2640
2641
2642
2643
2644
2644
2642
2643
2641
2642
2643
2642
2639
2640
2639
2639
2637
2637
2637
2637
2635
2636
2637
2635
2635
2633
2632
2632
2631
2632
2633
2632
2633
2634
2633
2633
2633
2633
2634
2633
2633
2630
2630
2629
2626
2630
2633
2632
2633
2633
2635
2636
2635
2632
2634
2634
2636
2636
2636
2640
2643
2643
2643
2645
2644
2644
2644
2644
2643
2644
2642
2641
2640
2642
2644
2644
2644
2645
2642
2639
2638
2639
2636
2636
2634
2632
2633
2630
2630
2632
2630
2631
2630
2628
2629
2626
2625
2628
2628
2628
2628
2628
2629
2629
2631
2630
2630
2628
2629
2628
2631
2630
2633
2633
2635
2634
2632
2633
2634
2633
2634
2633
2634
2635
2633
2634
2635
2633
2632
2631
2632
2630
2630
2629
2628
2627
2628
2629
2631
2632
2632
2630
2631
2631
2630
2630
2629
2630
2629
2630
2633
2633
2634
2635
2633
2633
2633
2635
2635
2635
2636
2634
2632
2633
2633
2631
2631
2631
2629
2630
2632
2633
2633
2636
2635
2635
2635
2635
2636
2636
2634
2635
2637
2636
2636
2634
2635
2633
2631
2632
2632
2631
2631
2634
2634
2636
2636
2636
2636
2636
2638
2637
2636
2636
2635
2636
2636
2636
2635
2636
2636
2636
2635
2631
2629
2628
2630
2631
2632
2632
2630
2630
2629
2631
2628
2629
2629
2625
2624
2625
2626
2627
2627
2627
2626
2626
2624
2625
2624
2627
2627
2626
2627
2628
2626
2627
2627
2627
2627
2626
2627
2626
2624
2623
2623
2622
2621
2622
2622
2622
2620
2619
2620
2619
2620
2621
2618
2618
2618
2619
2621
2621
2619
2619
2621
2621
2621
2619
2621
2623
2623
2622
2623
2624
2625
2622
2622
2624
2624
2625
2626
2628
2629
2625
2625
2624
2624
2625
2624
2624
2624
2624
2625
2628
2626
2627
2627
2627
2627
2627
2627
2623
2622
2623
2623
2621
2623
2622
2622
2622
2623
2623
2623
2621
2619
2619
2617
2616
2616
2614
2616
2617
2616
2617
2617
2617
2616
2616
2618
2620
2617
2619
2619
2618
2617
2617
2618
2618
2618
2618
2620
2621
2622
2622
2619
2620
2619
2620
2618
2620
2620
2620
2616
2615
2616
2618
2618
2618
2618
2615
2616
2613
2614
2614
2613
2611
2610
2609
2609
2609
2608
2610
2613
2614
2617
2616
2617
2619
2623
2621
2623
2622
2623
2623
2623
2623
2621
2621
2623
2622
2622
2623
2623
2624
2625
2624
2623
2623
2626
2625
2625
2625
2625
2625
2626
2626
2625
2625
2625
2624
2625
2624
2623
2621
2621
2621
2621
2621
2620
2619
2618
2615
2615
2615
2611
2613
2613
2614
2613
2607
2608
2610
2611
2611
2608
2607
2608
2607
2608
2607
2606
2607
2606
2606
2607
2606
2605
2604
2602
2601
2600
2597
2597
2595
2594
2593
2594
2594
2592
2594
2594
2595
2594
2593
2593
2595
2595
2596
2594
2593
2593
2594
2594
2593
2594
2593
2594
2596
2597
2596
2594
2593
2592
2594
2593
2592
2593
2593
2592
2592
2590
2591
2592
2593
2594
2596
2597
2600
2600
2600
2600
2598
2598
2596
2592
2591
2592
2590
2590
2591
2592
2592
2593
2594
2592
2591
2591
2591
2591
2594
2595
2597
2597
2597
2597
2597
2598
2599
2599
2598
2598
2599
2597
2596
2595
2594
2592
2592
2593
2593
2593
2594
2592
2593
2593
2595
2594
2594
2592
2591
2591
2591
2590
2589
2589
2590
2588
2588
2588
2586
2583
2585
2584
2584
2584
2585
2584
2583
2584
2582
2582
2583
2584
2584
2584
2585
2587
2588
2588
2588
2586
2586
2583
2584
2584
2583
2581
2582
2583
2586
2585
2585
2585
2586
2586
2587
2587
2587
2587
2588
2586
2584
2585
2584
2580
2578
2577
2575
2575
2574
2572
2573
2572
2574
2574
2573
2572
2575
2574
2573
2571
2570
2570
2571
2573
2572
2572
2572
2571
2572
2574
2575
2578
2576
2578
2578
2578
2578
2577
2578
2578
2578
2575
2575
2574
2573
2572
2574
2575
2575
2576
2573
2572
2571
2569
2571
2571
2571
2570
2569
2570
2571
2572
2570
2570
2568
2570
2570
2572
2574
2574
2572
2571
2571
2571
2571
2570
2571
2571
2575
2575
2574
2574
2574
2575
2574
2573
2571
2572
2570
2565
2565
2566
2568
2567
2567
2568
2569
2568
2570
2570
2566
2566
2568
2568
2568
2569
2567
2570
2572
2571
2571
2570
2571
2571
2568
2568
2568
2570
2572
2574
2573
2571
2570
2569
2569
2571
2572
2572
2571
2568
2567
2567
2567
2566
2565
2565
2566
2566
2568
2570
2570
2572
2572
2573
2572
2572
2570
2570
2571
2568
2571
2571
2571
2572
2573
2572
2574
2573
2576
2575
2576
2575
2575
2574
2572
2572
2574
2574
2573
2573
2569
2569
2570
2572
2573
2575
2575
2574
2572
2571
2572
2571
2569
2568
2569
2570
2571
2572
2571
2573
2572
2574
2574
2570
2573
2572
2573
2576
2575
2575
2576
2575
2574
2575
2575
2576
2574
2574
2571
2570
2571
2572
2573
2572
2570
2570
2569
2569
2569
2569
2571
2571
2573
2574
2573
2572
2573
2573
2574
2574
2574
2574
2576
2578
2575
2577
2576
2576
2577
2576
2577
2577
2579
2578
2577
2577
2579
2579
2579
2581
2579
2581
2579
2578
2577
2578
2577
2579
2579
2580
2580
2579
2580
2578
2581
2582
2583
2582
2581
2582
2583
2585
2582
2581
2582
2582
2585
2583
2582
2581
2582
2580
2582
2581
2578
2577
2579
2578
2577
2576
2575
2574
2575
2576
2575
2573
2572
2573
2572
2571
2572
2571
2573
2572
2570
2572
2573
2574
2572
2572
2570
2571
2570
2569
2571
2570
2569
2568
2568
2570
2570
2572
2571
2571
2571
2570
2571
2570
2568
2569
2569
2569
2568
2569
2568
2568
2570
2570
2567
2569
2571
2572
2573
2571
2569
2565
2565
2562
2563
2562
2565
2566
2566
2565
2565
2566
2567
2569
2565
2566
2567
2566
2565
2565
2566
2567
2566
2566
2564
2565
2566
2567
2566
2564
2564
2563
2562
2560
2560
2559
2561
2559
2558
2558
2560
2557
2557
2558
2558
2559
2560
2563
2563
2561
2561
2561
2559
2557
2557
2558
2560
2559
2560
2561
2560
2563
2564
2564
2566
2566
2564
2564
2564
2562
2563
2563
2564
2564
2563
2563
2563
2563
2566
2566
2564
2566
2565
2566
2566
2567
2567
2567
2567
2567
2566
2566
2566
2564
2564
2565
2565
2566
2566
2563
2563
2563
2565
2570
2569
2568
2568
2568
2570
2569
2567
2563
2562
2561
2560
2557
2556
2555
2555
2557
2559
2559
2559
2559
2559
2558
2558
2557
2559
2559
2558
2557
2555
2556
2556
2558
2556
2553
2553
2551
2552
2553
2553
2554
2555
2556
2555
2554
2556
2555
2556
2556
2557
2554
2553
2552
2551
2552
2552
2555
2557
2560
2560
2560
2560
2558
2559
2561
2561
2560
2562
2562
2562
2560
2556
2558
2557
2559
2558
2557
2554
2554
2555
2558
2561
2559
2559
2558
2555
2555
2557
2557
2554
2553
2555
2555
2556
2555
2555
2556
2556
2555
2556
2557
2558
2558
2561
2566
2566
2564
2564
2564
2565
2564
2563
2564
2565
2565
2565
2564
2563
2563
2564
2565
2565
2565
2566
2563
2563
2560
2557
2556
2556
2554
2554
2554
2554
2555
2553
2554
2555
2554
2555
2554
2551
2548
2548
2548
2548
2548
2549
2548
2547
2547
2547
2549
2547
2547
2546
2546
2543
2543
2545
2547
2546
2545
2545
2546
2545
2546
2549
2548
2548
2549
2550
2551
2549
2548
2548
2549
2552
2551
2551
2551
2548
2545
2544
2544
2544
2545
2546
2546
2545
2546
2544
2544
2543
2543
2542
2541
2541
2543
2543
2545
2545
2547
2548
2551
2550
2551
2552
2551
2550
2552
2553
2556
2556
2555
2553
2553
2553
2552
2550
2551
2551
2551
2551
2552
2554
2554
2554
2552
2555
2555
2554
2555
2558
2557
2560
2559
2561
2564
2562
2562
2561
2561
2561
2560
2560
2559
2560
2557
2557
2559
2560
2558
2556
2558
2559
2559
2558
2558
2558
2559
2559
2557
2555
2556
2557
2556
2555
2555
2554
2555
2557
2556
2560
2560
2560
2559
2560
2561
2561
2562
2562
2562
2563
2562
2565
2568
2568
2569
2570
2572
2572
2575
2576
2575
2576
2577
2578
2576
2578
2579
2578
2580
2580
2578
2576
2576
2577
2577
2579
2580
2579
2578
2579
2580
2580
2580
2581
2581
2583
2582
2584
2585
2585
2587
2590
2592
2591
2592
2593
2595
2595
2594
2596
2596
2598
2599
2598
2598
2596
2598
2598
2600
2600
2598
2598
2599
2601
2602
2600
2600
2599
2602
2604
2603
2606
2605
2606
2606
2605
2605
2604
2604
2604
2602
2602
2603
2602
2602
2602
2604
2604
2605
2605
2604
2604
2604
2604
2604
2604
2602
2603
2606
2606
2608
2608
2608
2608
2608
2608
2608
2610
2611
2611
2611
2609
2610
2610
2609
2608
2607
2606
2606
2608
2610
2611
2614
2614
2617
2615
2615
2615
2614
2613
2613
2614
2613
2612
2613
2613
2611
2612
2609
2608
2606
2605
2605
2606
2605
2603
2604
2604
2604
2604
2602
2602
2602
2602
2599
2600
2598
2600
2598
2598
2598
2597
2597
2600
2599
2598
2596
2598
2599
2600
2601
2602
2603
2604
2604
2604
2604
2603
2604
2606
2606
2606
2603
2606
2605
2603
2603
2602
2604
2604
2604
2604
2602
2601
2601
2603
2604
2604
2605
2607
2605
2604
2603
2604
2604
2603
2602
2599
2598
2599
2600
2600
2601
2600
2600
2600
2601
2602
2600
2600
2604
2605
2607
2608
2607
2608
2608
2608
2611
2611
2609
2608
2608
2609
2608
2606
2603
2605
2606
2606
2606
2607
2605
2606
2608
2609
2609
2607
2608
2606
2605
2603
2600
2602
2601
2602
2606
2605
2606
2606
2607
2607
2607
2608
2609
2610
2611
2611
2610
2611
2610
2610
2608
2607
2609
2611
2610
2610
2612
2612
2613
2611
2610
2612
2612
2612
2613
2613
2613
2615
2617
2616
2617
2618
2619
2620
2621
2624
2626
2625
2624
2623
2623
2625
2625
2628
2627
2629
2627
2627
2626
2623
2622
2621
2617
2617
2616
2614
2613
2614
2614
2614
2614
2613
2611
2611
2609
2609
2610
2609
2610
2611
2609
2610
2611
2613
2613
2614
2614
2618
2618
2616
2614
2613
2610
2610
2610
2609
2609
2610
2611
2609
2607
2605
2605
2605
2607
2605
2604
2604
2602
2603
2605
2606
2606
2609
2610
2611
2610
2611
2612
2614
2614
2616
2618
2621
2622
2622
2622
2622
2620
2619
2620
2620
2622
2623
2623
2625
2625
2624
2624
2626
2624
2623
2625
2626
2627
2626
2627
2627
2626
2623
2622
2621
2621
2623
2627
2626
2627
2627
2628
2628
2630
2631
2632
2631
2631
2633
2634
2636
2636
2636
2635
2635
2634
2637
2637
2639
2639
2639
2636
2637
2639
2639
2636
2637
2637
2636
2637
2638
2639
2642
2641
2643
2644
2644
2646
2646
2648
2649
2650
2649
2651
2651
2649
2650
2652
2653
2655
2657
2656
2658
2658
2656
2655
2650
2650
2650
2651
2650
2648
2647
2646
2645
2645
2644
2644
2644
2644
2644
2645
2646
2644
2645
2645
2643
2641
2644
2644
2644
2644
2645
2645
2645
2647
2647
2647
2649
2651
2652
2652
2652
2651
2653
2655
2656
2656
2658
2658
2657
2654
2653
2651
2650
2650
2652
2653
2652
2653
2654
2653
2653
2651
2650
2649
2651
2651
2651
2652
2652
2650
2650
2650
2649
2649
2650
2648
2647
2647
2648
2650
2649
2650
2650
2651
2650
2651
2652
2654
2652
2651
2650
2651
2648
2649
2648
2649
2647
2646
2646
2647
2646
2645
2644
2644
2644
2644
2643
2643
2644
2644
2645
2644
2645
2643
2643
2643
2644
2643
2643
2642
2644
2645
2644
2645
2644
2641
2640
2638
2638
2638
2636
2637
2638
2638
2638
2639
2639
2638
2638
2638
2637
2639
2640
2639
2638
2637
2635
2637
2636
2636
2633
2633
2635
2635
2633
2633
2635
2634
2632
2632
2634
2634
2634
2633
2635
2636
2637
2638
2638
2638
2639
2639
2639
2640
2639
2640
2638
2637
2638
2638
2640
2638
2638
2638
2638
2638
2640
2642
2643
2644
2645
2647
2647
2649
2649
2648
2649
2651
2652
2653
2652
2649
2646
2649
2650
2649
2650
2653
2651
2650
2650
2647
2646
2646
2648
2648
2647
2648
2646
2645
2646
2646
2646
2646
2647
2649
2649
2647
2648
2649
2649
2649
2650
2652
2655
2654
2654
2654
2655
2655
2655
2659
2658
2660
2658
2657
2653
2652
2655
2655
2655
2654
2654
2653
2652
2653
2653
2653
2651
2649
2652
2654
2653
2654
2653
2653
2649
2649
2648
2648
2648
2650
2650
2651
2652
2652
2651
2651
2655
2655
2654
2657
2656
2659
2661
2665
2665
2664
2663
2664
2665
2665
2664
2664
2662
2660
2657
2656
2659
2659
2656
2655
2654
2653
2654
2654
2655
2655
2655
2656
2657
2660
2661
2661
2660
2660
2659
2661
2662
2663
2664
2665
2663
2663
2664
2665
2665
2665
2668
2664
2668
2667
2666
2667
2665
2665
2667
2664
2664
2662
2660
2660
2661
2660
2659
2660
2662
2659
2659
2659
2656
2655
2660
2659
2659
2659
2660
2659
2657
2658
2659
2660
2662
2662
2662
2662
2661
2664
2664
2661
2663
2663
2662
2661
2660
2659
2658
2657
2657
2657
2656
2657
2658
2658
2659
2660
2660
2660
2659
2660
2664
2662
2663
2664
2662
2661
2662
2661
2661
2664
2664
2663
2663
2662
2661
2660
2662
2662
2661
2663
2663
2661
2661
2660
2660
2659
2656
2656
2655
2655
2657
2655
2653
2653
2652
2654
2655
2654
2657
2654
2654
2654
2651
2650
2651
2651
2649
2649
2650
2652
2653
2653
2653
2654
2653
2655
2655
2654
2652
2654
2655
2655
2655
2653
2653
2653
2655
2655
2655
2654
2654
2654
2656
2656
2655
2654
2657
2658
2659
2658
2657
2658
2656
2655
2656
2657
2658
2658
2655
2654
2653
2653
2652
2652
2652
2650
2652
2649
2652
2653
2653
2652
2651
2652
2652
2650
2652
2650
2652
2652
2650
2650
2650
2651
2650
2650
2650
2649
2649
2647
2647
2648
2646
2645
2648
2649
2648
2648
2648
2649
2650
2649
2647
2644
2644
2646
2646
2646
2647
2649
2650
2649
2649
2651
2650
2650
2650
2652
2653
2652
2656
2656
2655
2655
2655
2655
2659
2658
2658
2657
2655
2655
2651
2651
2651
2650
2650
2647
2645
2648
2647
2645
2646
2646
2646
2645
2644
2644
2642
2642
2642
2641
2641
2642
2644
2644
2642
2641
2643
2643
2644
2644
2643
2643
2643
2643
2644
2645
2646
2647
2645
2645
2644
2644
2644
2643
2642
2640
2642
2642
2640
2644
2647
2645
2644
2643
2644
2645
2646
2646
2646
2649
2649
2649
2647
2644
2643
2643
2642
2644
2640
2638
2639
2638
2637
2639
2639
2639
2638
2638
2637
2638
2639
2639
2640
2642
2643
2642
2642
2642
2643
2645
2646
2645
2645
2644
2643
2641
2638
2639
2639
2638
2637
2637
2637
2635
2632
2632
2634
2634
2636
2639
2639
2638
2637
2634
2633
2632
2633
2633
2634
2634
2633
2635
2637
2637
2635
2636
2637
2638
2637
2636
2636
2637
2637
2635
2634
2634
2636
2636
2635
2636
2633
2631
2630
2630
2627
2631
2632
2632
2632
2630
2630
2630
2631
2630
2629
2631
2630
2632
2632
2630
2633
2632
2631
2633
2634
2632
2631
2632
2632
2631
2634
2638
2639
2641
2639
2638
2640
2641
2643
2641
2639
2639
2640
2641
2641
2641
2641
2640
2640
2641
2640
2640
2640
2639
2640
6908
6907
6910
6910
6911
6909
6911
6913
6913
6914
6914
6917
6921
6923
6924
6927
6927
6928
6929
6931
6928
6927
6927
6927
6928
6931
6929
6928
6929
6929
6928
6927
6927
6927
6929
6930
6926
6925
6923
6922
6921
6921
6922
6922
6920
6921
6922
6923
6921
6921
6922
6921
6920
6917
6915
6916
6913
6914
6914
6912
6912
6911
6910
6911
6912
6912
6914
6916
6916
6915
6915
6915
6917
6918
6919
6919
6921
6921
6921
6921
6921
6920
6918
6920
6920
6915
6914
6914
6914
6914
6917
6915
6913
6913
6912
6911
6911
6911
6911
6912
6911
6910
6910
6910
6913
6913
6912
6909
6908
6909
6908
6909
6907
6910
6906
6905
6905
6906
6905
6905
6905
6904
6905
6905
6905
6906
6906
6905
6904
6903
6903
6902
6904
6905
6905
6907
6906
6908
6909
6908
6907
6908
6908
6910
6910
6909
6909
6909
6910
6911
6911
6911
6911
6910
6909
6909
6910
6910
6912
6912
6915
6916
6916
6916
6913
6913
6912
6911
6913
6913
6915
6915
6915
6916
6917
6917
6917
6917
6916
6917
6919
6916
6916
6915
6912
6913
6911
6912
6912
6913
6911
6908
6907
6907
6906
6906
6905
6902
6901
6901
6901
6899
6896
6895
6893
6893
6892
6893
6892
6892
6891
6890
6889
6888
6888
6889
6890
6890
6890
6890
6888
6890
6890
6891
6891
6889
6886
6886
6885
6885
6884
6884
6883
6882
6883
6881
6880
6880
6880
6882
6880
6880
6880
6881
6879
6878
6880
6879
6878
6876
6875
6872
6871
6873
6873
6872
6871
6872
6871
6871
6870
6866
6867
6868
6867
6869
6865
6863
6863
6860
6860
6861
6859
6857
6856
6856
6856
6854
6853
6852
6849
6849
6847
6849
6849
6850
6850
6851
6849
6851
6851
6853
6853
6852
6851
6851
6850
6851
6853
6851
6851
6850
6848
6848
6848
6850
6851
6852
6851
6851
6851
6851
6853
6850
6848
6850
6850
6849
6849
6850
6853
6853
6855
6857
6857
6855
6855
6855
6853
6853
6852
6852
6852
6853
6854
6858
6856
6854
6855
6856
6858
6858
6857
6855
6855
6856
6857
6855
6855
6855
6854
6854
6854
6855
6856
6857
6856
6857
6858
6858
6860
6859
6859
6857
6858
6855
6855
6854
6853
6853
6856
6856
6857
6857
6857
6858
6855
6854
6854
6854
6854
6853
6854
6854
6853
6853
6855
6858
6858
6856
6856
6855
6856
6858
6856
6857
6856
6855
6855
6854
6855
6854
6853
6853
6853
6853
6852
6852
6851
6847
6846
6849
6849
6847
6846
6848
6847
6848
6848
6848
6848
6848
6852
6851
6853
6853
6854
6852
6848
6847
6846
6847
6848
6848
6848
6850
6850
6851
6849
6848
6847
6846
6847
6848
6847
6848
6849
6850
6850
6849
6848
6847
6845
6845
6842
6842
6843
6840
6841
6841
6841
6842
6841
6839
6838
6840
6839
6839
6839
6839
6840
6841
6843
6841
6839
6841
6842
6842
6841
6841
6840
6840
6840
6840
6840
6842
6844
6843
6843
6842
6843
6845
6845
6845
6845
6845
6843
6842
6841
6842
6841
6843
6842
6843
6845
6844
6843
6841
6841
6840
6840
6840
6838
6838
6839
6836
6836
6832
6835
6835
6838
6838
6840
6841
6843
6843
6844
6839
6838
6838
6839
6840
6839
6839
6837
6839
6838
6841
6842
6845
6844
6844
6843
6843
6846
6844
6842
6842
6845
6845
6845
6845
6845
6845
6844
6846
6847
6847
6846
6847
6844
6845
6847
6848
6850
6852
6851
6851
6850
6850
6850
6849
6849
6848
6848
6847
6844
6846
6846
6846
6845
6844
6844
6846
6845
6845
6845
6845
6842
6842
6843
6845
6843
6843
6843
6843
6844
6846
6847
6847
6847
6848
6848
6849
6848
6850
6850
6851
6850
6851
6852
6851
6852
6853
6851
6851
6850
6852
6850
6851
6851
6850
6850
6849
6850
6850
6852
6851
6851
6855
6855
6854
6854
6855
6855
6856
6854
6855
6855
6856
6856
6855
6856
6854
6854
6854
6855
6855
6854
6853
6855
6856
6857
6856
6854
6853
6850
6849
6848
6848
6849
6854
6855
6855
6854
6858
6857
6858
6857
6857
6857
6856
6856
6857
6855
6856
6858
6857
6857
6856
6855
6854
6854
6852
6852
6851
6853
6853
6855
6855
6855
6854
6855
6857
6857
6855
6857
6857
6858
6856
6857
6853
6855
6856
6855
6857
6858
6857
6855
6856
6856
6857
6858
6860
6858
6859
6860
6860
6860
6860
6859
6859
6861
6861
6858
6861
6861
6863
6863
6863
6862
6863
6864
6865
6864
6864
6863
6864
6864
6865
6866
6863
6864
6864
6865
6866
6868
6866
6865
6866
6867
6867
6869
6869
6869
6867
6867
6869
6871
6870
6871
6868
6869
6869
6870
6870
6870
6873
6872
6871
6872
6869
6871
6873
6872
6872
6871
6872
6871
6872
6873
6872
6874
6874
6875
6875
6875
6875
6875
6877
6876
6875
6877
6876
6876
6876
6876
6875
6873
6872
6873
6873
6873
6874
6874
6874
6874
6874
6874
6874
6876
6875
6875
6877
6876
6874
6874
6874
6877
6876
6877
6877
6877
6877
6878
6880
6879
6878
6878
6876
6874
6875
6872
6870
6870
6871
6868
6871
6871
6873
6874
6875
6875
6877
6879
6879
6881
6882
6880
6879
6878
6877
6878
6879
6881
6882
6883
6883
6882
6882
6880
6880
6882
6880
6882
6882
6881
6882
6878
6877
6874
6875
6875
6874
6874
6875
6876
6875
6877
6876
6876
6877
6876
6876
6874
6876
6879
6881
6881
6883
6883
6883
6885
6885
6886
6885
6886
6886
6885
6886
6884
6882
6882
6881
6882
6883
6884
6884
6883
6879
6875
6874
6876
6877
6878
6879
6878
6878
6877
6879
6877
6874
6874
6873
6871
6873
6875
6875
6876
6874
6874
6873
6872
6874
6872
6873
6872
6872
6872
6870
6871
6870
6872
6872
6873
6874
6874
6873
6873
6873
6876
6876
6877
6876
6876
6875
6874
6872
6874
6875
6873
6875
6876
6877
6876
6876
6876
6880
6881
6880
6880
6881
6880
6879
6877
6875
6875
6874
6875
6873
6872
6871
6870
6871
6870
6871
6871
6870
6872
6871
6872
6873
6874
6877
6877
6875
6874
6874
6874
6874
6873
6873
6872
6873
6875
6875
6875
6877
6877
6878
6879
6880
6884
6885
6884
6882
6884
6885
6886
6885
6885
6886
6887
6884
6885
6884
6886
6886
6885
6886
6886
6887
6887
6889
6887
6885
6885
6885
6886
6886
6885
6887
6889
6889
6889
6890
6890
6889
6890
6889
6891
6891
6890
6891
6891
6890
6889
6888
6889
6888
6886
6887
6884
6882
6881
6884
6884
6882
6881
6880
6880
6881
6881
6882
6880
6879
6879
6879
6878
6877
6878
6878
6879
6879
6878
6877
6879
6879
6879
6880
6883
6882
6883
6882
6881
6880
6878
6883
6882
6881
6881
6881
6881
6881
6883
6886
6889
6889
6892
6893
6895
6898
6897
6897
6898
6897
6897
6896
6896
6896
6895
6897
6895
6896
6895
6893
6892
6894
6895
6895
6894
6893
6895
6894
6893
6893
6892
6892
6891
6890
6892
6890
6892
6892
6893
6894
6894
6895
6894
6892
6892
6890
6891
6892
6893
6893
6892
6894
6894
6895
6895
6895
6897
6896
6897
6897
6897
6898
6900
6899
6900
6903
6904
6903
6904
6906
6907
6908
6907
6909
6908
6907
6906
6907
6906
6906
6905
6904
6903
6905
6906
6908
6910
6912
6911
6910
6910
6912
6911
6910
6911
6910
6910
6906
6906
6908
6907
6908
6912
6912
6912
6913
6913
6912
6911
6913
6911
6913
6912
6914
6916
6915
6915
6916
6913
6911
6911
6911
6911
6911
6913
6912
6912
6911
6912
6910
6911
6911
6914
6914
6914
6916
6916
6917
6916
6918
6916
6916
6917
6919
6918
6920
6922
6922
6922
6921
6921
6921
6921
6924
6925
6924
6924
6924
6923
6923
6926
6925
6923
6922
6924
6926
6926
6925
6926
6926
6923
6922
6920
6919
6921
6922
6923
6924
6924
6922
6922
6921
6919
6917
6916
6917
6917
6918
6919
6920
6921
6921
6921
6922
6924
6923
6922
6920
6921
6920
6919
6919
6918
6919
6919
6922
6924
6925
6925
6925
6923
6924
6924
6923
6924
6923
6921
6919
6919
6920
6921
6921
6922
6921
6920
6923
6922
6921
6920
6921
6924
6924
6924
6925
6924
6924
6924
6924
6925
6927
6927
6926
6923
6923
6924
6924
6924
6924
6925
6924
6922
6923
6919
6918
6918
6920
6922
6921
6923
6922
6921
6921
6922
6924
6926
6928
6924
6926
6923
6926
6927
6928
6927
6925
6923
6923
6924
6923
6920
6921
6920
6922
6922
6922
6920
6923
6922
6922
6923
6922
6921
6921
6920
6921
6920
6921
6920
6920
6919
6920
6920
6918
6918
6920
6920
6923
6926
6926
6925
6925
6926
6926
6926
6924
6925
6924
6926
6928
6927
6927
6927
6928
6927
6928
6929
6929
6932
6932
6933
6933
6933
6933
6935
6933
6931
6933
6933
6930
6930
6932
6932
6930
6930
6931
6929
6929
6931
6930
6929
6928
6928
6928
6928
6929
6930
6929
6928
6926
6928
6927
6927
6927
6927
6925
6925
6925
6925
6925
6924
6924
6924
6923
6924
6924
6922
6920
6920
6918
6918
6917
6917
6915
6916
6917
6916
6916
6918
6913
6912
6911
6909
6909
6912
6913
6912
6911
6915
6919
6917
6917
6918
6919
6921
6922
6924
6923
6922
6923
6925
6926
6925
6924
6926
6926
6925
6926
6926
6925
6924
6923
6925
6924
6925
6928
6926
6925
6924
6924
6922
6922
6922
6922
6924
6925
6926
6924
6925
6925
6923
6924
6923
6924
6922
6922
6922
6921
6920
6919
6919
6919
6919
6918
6919
6917
6917
6917
6917
6918
6914
6913
6912
6912
6912
6910
6911
6912
6912
6913
6914
6913
6913
6914
6914
6914
6913
6913
6913
6913
6912
6914
6916
6916
6918
6917
6919
6918
6920
6924
6924
6923
6923
6924
6923
6925
6923
6922
6923
6922
6922
6922
6921
6921
6922
6922
6921
6920
6920
6921
6921
6922
6922
6923
6923
6923
6922
6923
6921
6924
6924
6924
6924
6924
6925
6926
6926
6927
6927
6928
6927
6928
6928
6928
6927
6926
6926
6925
6923
6925
6926
6925
6924
6921
6921
6920
6919
6920
6918
6919
6916
6916
6918
6920
6921
6919
6916
6916
6917
6916
6917
6919
6915
6912
6912
6912
6913
6915
6915
6917
6918
6920
6921
6921
6920
6920
6921
6919
6919
6921
6923
6923
6922
6921
6919
6919
6918
6918
6915
6915
6914
6913
6915
6914
6914
6914
6913
6913
6913
6912
6913
6913
6913
6915
6914
6913
6914
6914
6915
6915
6915
6916
6915
6915
6915
6917
6918
6918
6915
6913
6913
6915
6914
6911
6909
6908
6908
6908
6910
6913
6912
6912
6911
6909
6908
6910
6911
6910
6911
6912
6913
6912
6911
6910
6909
6910
6911
6909
6909
6909
6907
6906
6907
6907
6908
6907
6906
6906
6906
6904
6904
6906
6906
6906
6906
6909
6910
6908
6908
6907
6907
6909
6909
6908
6908
6906
6905
6905
6907
6905
6907
6907
6905
6905
6900
6900
6899
6899
6899
6900
6900
6901
6898
6898
6898
6896
6897
6897
6897
6896
6895
6895
6895
6896
6896
6899
6900
6899
6899
6900
6900
6901
6902
6901
6901
6900
6900
6900
6900
6901
6899
6898
6897
6897
6899
6904
6904
6903
6902
6903
6904
6903
6905
6905
6906
6909
6908
6908
6907
6908
6908
6909
6911
6910
6910
6909
6909
6909
6910
6910
6909
6910
6909
6911
6912
6915
6914
6913
6914
6914
6915
6914
6914
6913
6911
6910
6910
6911
6909
6911
6912
6909
6908
6907
6908
6907
6905
6904
6904
6904
6905
6905
6904
6906
6905
6905
6905
6905
6908
6908
6908
6908
6908
6911
6911
6910
6909
6909
6910
6909
6908
6909
6911
6910
6908
6907
6909
6907
6908
6907
6907
6906
6907
6906
6906
6905
6903
6903
6903
6905
6906
6905
6903
6903
6902
6903
6902
6902
6902
6903
6901
6899
6897
6897
6900
6899
6899
6897
6896
6897
6897
6897
6899
6900
6900
6900
6899
6898
6899
6899
6900
6899
6900
6902
6903
6906
6906
6907
6906
6907
6903
6906
6907
6906
6907
6909
6910
6912
6912
6916
6916
6916
6917
6917
6916
6919
6921
6920
6919
6920
6922
6920
6919
6920
6920
6923
6925
6924
6923
6923
6926
6926
6927
6928
6930
6929
6929
6927
6927
6927
6928
6927
6927
6926
6926
6925
6927
6927
6925
6925
6925
6924
6925
6924
6922
6923
6923
6924
6925
6926
6927
6925
6924
6922
6920
6921
6922
6921
6923
6923
6924
6925
6923
6923
6923
6923
6925
6927
6929
6930
6930
6928
6929
6930
6929
6929
6928
6928
6927
6927
6926
6926
6927
6927
6925
6924
6925
6924
6924
6926
6926
6925
6925
6924
6927
6927
6927
6928
6931
6930
6932
6933
6929
6930
6928
6927
6927
6928
6928
6928
6928
6927
6926
6928
6928
6926
6926
6925
6924
6921
6920
6920
6918
6919
6920
6920
6921
6922
6924
6927
6929
6929
6929
6927
6929
6928
6927
6928
6927
6927
6930
6932
6932
6933
6933
6934
6934
6934
6933
6933
6933
6933
6934
6933
6934
6935
6935
6935
6935
6933
6929
6929
6929
6932
6932
6932
6931
6933
6936
6934
6932
6934
6933
6933
6932
6930
6930
6929
6930
6929
6928
6927
6928
6929
6928
6928
6926
6926
6926
6925
6926
6927
6926
6927
6926
6926
6927
6927
6926
6925
6927
6927
6929
6929
6929
6930
6932
6933
6934
6933
6934
6934
6933
6934
6936
6937
6936
6937
6938
6936
6935
6935
6935
6935
6936
6936
6934
6933
6933
6934
6935
6937
6937
6936
6936
6935
6934
6931
6930
6931
6931
6930
6929
6930
6932
6931
6931
6931
6931
6929
6929
6927
6928
6927
6929
6927
6926
6927
6928
6930
6931
6932
6932
6933
6935
6935
6936
6934
6934
6933
6935
6937
6939
6939
6939
6939
6939
6937
6936
6938
6936
6935
6936
6937
6936
6936
6937
6937
6936
6937
6939
6941
6940
6940
6943
6943
6945
6946
6947
6946
6945
6946
6945
6944
6944
6942
6941
6936
6939
6939
6939
6941
6941
6942
6940
6940
6939
6941
6944
6942
6943
6942
6941
6941
6941
6940
6939
6939
6940
6943
6940
6940
6941
6940
6940
6940
6940
6939
6940
6941
6942
6941
6938
6940
6940
6942
6943
6943
6944
6947
6950
6950
6949
6949
6950
6949
6949
6949
6949
6949
6950
6950
6950
6950
6948
6945
6945
6944
6944
6943
6945
6945
6945
6947
6946
6946
6946
6946
6944
6944
6943
6943
6942
6942
6942
6942
6941
6939
6938
6937
6937
6936
6935
6933
6931
6930
6930
6928
6930
6930
6927
6926
6926
6928
6929
6930
6930
6930
6931
6933
6931
6933
6934
6934
6933
6932
6933
6933
6935
6935
6935
6934
6935
6936
6937
6936
6936
6935
6935
6937
6936
6936
6936
6935
6932
6931
6933
6933
6933
6934
6935
6935
6935
6933
6932
6930
6927
6929
6929
6927
6926
6925
6925
6926
6928
6928
6928
6928
6930
6928
6928
6928
6929
6927
6926
6925
6925
6927
6926
6927
6927
6926
6926
6928
6927
6926
6925
6924
6923
6925
6925
6923
6922
6920
6919
6922
6921
6922
6924
6924
6925
6924
6924
6922
6921
6923
6923
6923
6921
6920
6921
6923
6924
6923
6923
6924
6927
6928
6926
6925
6925
6927
6928
6927
6926
6927
6925
6923
6922
6922
6924
6922
6921
6922
6921
6920
6920
6920
6921
6920
6918
6919
6917
6918
6916
6916
6916
6917
6918
6917
6917
6917
6917
6915
6916
6914
6917
6918
6917
6917
6918
6916
6916
6918
6918
6918
6917
6917
6915
6916
6914
6916
6916
6917
6915
6916
6916
6916
6915
6915
6913
6912
6911
6910
6909
6908
6908
6909
6909
6910
6911
6910
6912
6911
6911
6911
6911
6910
6909
6911
6912
6910
6914
6915
6916
6917
6916
6915
6912
6912
6910
6910
6911
6912
6912
6913
6913
6912
6912
6911
6914
6912
6910
6910
6909
6908
6912
6915
6915
6915
6915
6917
6916
6915
6916
6917
6917
6915
6915
6916
6916
6915
6914
6916
6918
6917
6920
6918
6919
6919
6917
6918
6917
6916
6915
6914
6915
6917
6915
6914
6913
6911
6909
6909
6911
6911
6911
6913
6914
6911
6909
6907
6906
6904
6905
6905
6905
6902
6901
6902
6901
6902
6901
6900
6901
6900
6901
6900
6899
6900
6900
6900
6900
6901
6899
6899
6900
6903
6901
6901
6902
6903
6902
6901
6900
6900
6901
6901
6899
6900
6901
6899
6900
6900
6900
6900
6902
6903
6905
6906
6905
6905
6904
6901
6902
6902
6903
6903
6904
6905
6905
6905
6905
6905
6907
6907
6906
6906
6903
6903
6903
6903
6904
6903
6904
6904
6903
6903
6902
6902
6905
6905
6903
6905
6906
6904
6904
6904
6907
6907
6907
6907
6907
6906
6905
6906
6906
6906
6906
6907
6906
6906
6905
6905
6904
6903
6903
6905
6905
6907
6906
6903
6904
6903
6902
6904
6905
6907
6905
6905
6908
6909
6907
6907
6907
6908
6912
6911
6910
6914
6912
6910
6909
6909
6907
6908
6909
6910
6909
6908
6906
6909
6908
6908
6908
6907
6906
6906
6906
6907
6912
6910
6908
6908
6909
6911
6914
6914
6914
6916
6914
6913
6912
6910
6910
6908
6908
6908
6908
6908
6906
6906
6905
6904
6903
6908
6907
6906
6903
6903
6903
6903
6902
6900
6901
6900
6901
6899
6900
6900
6901
6900
6901
6901
6901
6900
6901
6897
6894
6894
6895
6897
6898
6898
6898
6898
6898
6897
6897
6898
6898
6901
6901
6900
6903
6903
6903
6903
6904
6905
6904
6904
6903
6904
6903
6902
6902
6902
6903
6902
6902
6902
6902
6902
6901
6900
6901
6901
6901
6901
6901
6900
6901
6900
6900
6900
6899
6898
6900
6902
6901
6900
6900
6900
6897
6895
6896
6898
6899
6899
6896
6898
6897
6897
6896
6898
6896
6895
6894
6894
6896
6897
6897
6896
6895
6894
6895
6896
6897
6898
6897
6897
6899
6900
6900
6900
6899
6900
6901
6902
6901
6900
6899
6898
6898
6898
6898
6898
6897
6898
6899
6902
6902
6903
6902
6904
6908
6909
6910
6906
6904
6905
6906
6906
6905
6905
6905
6904
6904
6907
6908
6909
6910
6908
6910
6908
6911
6909
6909
6907
6908
6911
6911
6914
6915
6915
6915
6916
6916
6917
6921
6920
6918
6919
6917
6919
6916
6914
6915
6915
6914
6913
6913
6913
6914
6914
6915
6914
6911
6912
6912
6912
6912
6911
6913
6913
6911
6909
6909
6911
6911
6912
6912
6912
6910
6910
6910
6910
6910
6911
6910
6911
6912
6911
6911
6910
6909
6907
6908
6906
6906
6906
6907
6907
6905
6905
6907
6908
6908
6908
6910
6911
6914
6913
6913
6913
6916
6916
6915
6917
6917
6917
6916
6915
6916
6917
6915
6915
6915
6914
6917
6919
6919
6918
6917
6918
6918
6919
6919
6914
6914
6911
6912
6911
6911
6909
6908
6910
6912
6913
6913
6915
6917
6916
6916
6919
6920
6919
6916
6914
6913
6914
6912
6915
6914
6916
6917
6916
6915
6917
6918
6919
6918
6919
6918
6919
6917
6915
6914
6914
6913
6915
6914
6917
6917
6917
6916
6914
6914
6914
6913
6911
6914
6914
6917
6918
6918
6917
6917
6916
6917
6917
6919
6917
6918
6918
6916
6917
6917
6916
6915
6916
6918
6918
6916
6916
6915
6918
6917
6918
6918
6918
6917
6919
6921
6921
6923
6923
6924
6922
6921
6922
6922
6921
6921
6921
6920
6919
6917
6917
6917
6917
6918
6918
6916
6915
6914
6913
6913
6910
6910
6907
6907
6906
6905
6905
6904
6904
6904
6905
6904
6904
6904
6903
6903
6901
6901
6901
6902
6905
6906
6905
6905
6907
6907
6906
6904
6905
6906
6906
6905
6905
6907
6908
6908
6908
6908
6909
6910
6911
6910
6911
6911
6910
6909
6909
6910
6909
6909
6909
6906
6907
6907
6909
6907
6906
6910
6911
6911
6912
6910
6914
6913
6915
6916
6914
6914
6915
6914
6914
6913
6917
6917
6917
6918
6918
6916
6916
6917
6915
6916
6917
6918
6916
6915
6913
6914
6913
6914
6914
6914
6916
6913
6912
6911
6911
6911
6909
6910
6911
6911
6914
6913
6911
6913
6911
6912
6914
6913
6915
6918
6919
6922
6922
6925
6925
6926
6926
6923
6924
6923
6924
6921
6920
6918
6921
6920
6921
6921
6923
6920
6919
6919
6920
6919
6917
6918
6917
6915
6916
6917
6917
6917
6916
6917
6917
6918
6917
6918
6917
6916
6914
6910
6910
6911
6910
6912
6911
6911
6911
6910
6912
6913
6912
6911
6912
6912
6910
6910
6910
6911
6911
6913
6912
6912
6911
6914
6915
6916
6917
6917
6916
6915
6915
6914
6913
6913
6911
6910
6908
6911
6910
6911
6910
6911
6914
6913
6913
6914
6916
6915
6916
6917
6915
6915
6915
6916
6914
6914
6914
6915
6913
6914
6916
6917
6916
6916
6914
6915
6917
6918
6916
6916
6914
6912
6910
6912
6913
6912
6912
6912
6913
6913
6912
6912
6913
6914
6916
6917
6915
6916
6916
6918
6918
6918
6919
6920
6917
6916
6917
6917
6916
6916
6916
6916
6915
6913
6914
6912
6912
6911
6912
6914
6916
6913
6915
6916
6915
6915
6914
6915
6915
6916
6919
6919
6920
6922
6921
6922
6922
6922
6923
6926
6925
6926
6927
6925
6925
6925
6924
6924
6923
6924
6922
6923
6926
6926
6928
6928
6928
6928
6928
6928
6928
6927
6926
6927
6926
6924
6924
6922
6923
6923
6922
6921
6921
6920
6919
6920
6921
6921
6921
6921
6919
6919
6919
6920
6920
6920
6920
6919
6920
6922
6921
6918
6918
6918
6918
6917
6918
6919
6918
6915
6914
6912
6911
6910
6911
6909
6910
6912
6911
6911
6907
6905
6903
6903
6903
6902
6902
6902
6903
6904
6904
6904
6906
6906
6904
6901
6901
6903
6905
6905
6902
6902
6902
6902
6901
6901
6900
6900
6900
6899
6899
6898
6899
6900
6900
6900
6899
6898
6898
6897
6900
6900
6899
6897
6898
6899
6897
6896
6900
6901
6899
6899
6899
6901
6900
6897
6897
6897
6897
6895
6899
6898
6898
6899
6896
6895
6895
6896
6895
6896
6895
6894
6894
6894
6894
6896
6898
6897
6898
6897
6899
6901
6903
6904
6901
6901
6902
6901
6903
6904
6903
6904
6904
6903
6905
6903
6901
6900
6901
6902
6902
6900
6904
6903
6904
6905
6905
6906
6907
6908
6909
6907
6907
6908
6906
6907
6908
6909
6909
6909
6908
6905
6904
6905
6905
6906
6905
6906
6907
6907
6908
6908
6909
6909
6908
6905
6906
6906
6909
6909
6908
6912
6910
6913
6913
6910
6912
6911
6912
6912
6913
6915
6914
6915
6915
6914
6912
6910
6909
6906
6904
6903
6901
6903
6902
6902
6906
6904
6907
6907
6908
6909
6910
6912
6911
6909
6907
6906
6906
6902
6902
6902
6903
6903
6900
6903
6902
6902
6903
6903
6903
6904
6905
6904
6906
6907
6906
6908
6909
6909
6908
6907
6908
6908
6909
6909
6911
6911
6913
6912
6912
6912
6910
6909
6909
6908
6908
6907
6907
6906
6906
6906
6905
6904
6905
6905
6907
6906
6906
6905
6905
6905
6907
6909
6910
6911
6913
6911
6915
6915
6917
6916
6914
6915
6915
6914
6914
6914
6915
6915
6915
6916
6916
6916
6918
6918
6917
6917
6918
6918
6916
6917
6919
6921
6924
6926
6925
6924
6924
6925
6926
6925
6925
6924
6924
6925
6927
6929
6929
6928
6928
6927
6926
6927
6927
6926
6927
6928
6929
6930
6930
6930
6929
6929
6930
6930
6931
6931
6932
6930
6929
6927
6926
6926
6927
6927
6926
6926
6926
6928
6929
6928
6930
6928
6929
6931
6932
6930
6928
6927
6929
6930
6930
6930
6930
6928
6930
6930
6930
6930
6929
6931
6931
6931
6934
6932
6931
6933
6933
6932
6932
6934
6933
6932
6933
6932
6933
6933
6934
6936
6934
6932
6932
6930
6931
6930
6928
6928
6925
6926
6926
6927
6924
6924
6926
6927
6923
6927
6927
6927
6927
6926
6925
6926
6926
6928
6930
6932
6932
6931
6931
6929
6925
6926
6925
6925
6924
6925
6926
6925
6925
6924
6924
6923
6927
6927
6928
6930
6930
6930
6930
6931
6930
6932
6933
6933
6933
6928
6928
6927
6927
6926
6924
6922
6922
6923
6923
6921
6921
6921
6919
6917
6916
6916
6918
6916
6917
6917
6917
6922
6922
6923
6922
6922
6923
6924
6923
6921
6922
6920
6921
6922
6923
6920
6920
6923
6921
6920
6921
6921
6921
6922
6922
6922
6922
6920
6920
6920
6921
6921
6920
6922
6923
6924
6924
6925
6927
6927
6928
6928
6928
6928
6930
6929
6929
6927
6927
6926
6925
6926
6926
6923
6923
6924
6924
6924
6924
6926
6928
6929
6931
6932
6932
6933
6933
6935
6936
6936
6935
6936
6935
6935
6935
6934
6933
6934
6930
6931
6933
6935
6932
6931
6933
6934
6934
6933
6935
6936
6934
6934
6934
6933
6932
6933
6933
6933
6934
6935
6935
6935
6935
6931
6932
6931
6932
6932
6932
6930
6933
6934
6932
6932
6933
6933
6936
6938
6940
6940
6940
6942
6941
6941
6942
6940
6940
6941
6940
6939
6939
6939
6941
6940
6942
6940
6940
6942
6942
6943
6944
6943
6942
6943
6943
6942
6941
6942
6941
6941
6944
6943
6943
6943
6942
6940
6940
6939
6937
6936
6935
6937
6937
6937
6938
6938
6939
6939
6939
6939
6940
6938
6937
6937
6934
6934
6934
6933
6932
6931
6930
6931
6930
6931
6931
6931
6932
6931
6932
6930
6929
6927
6925
6926
6926
6928
6929
6925
6924
6924
6923
6926
6925
6923
6927
6929
6927
6927
6926
6924
6923
6925
6926
6926
6926
6924
6923
6922
6922
6923
6924
6925
6924
6921
6921
6919
6918
6919
6919
6919
6921
6919
6919
6918
6917
6918
6918
6919
6919
6920
6921
6924
6925
6925
6925
6925
6924
6922
6923
6924
6923
6922
6920
6920
6921
6921
6920
6919
6919
6920
6921
6922
6920
6921
6924
6922
6921
6920
6921
6920
6918
6919
6919
6920
6920
6920
6920
6918
6919
6919
6917
6916
6915
6915
6915
6916
6917
6917
6917
6919
6919
6918
6920
6919
6917
6919
6918
6920
6919
6920
6922
6922
6923
6922
6923
6924
6925
6925
6924
6921
6920
6922
6922
6921
6921
6922
6922
6922
6925
6925
6925
6922
6921
6919
6919
6916
6917
6916
6916
6916
6912
6913
6913
6914
6915
6917
6919
6919
6918
6917
6918
6921
6921
6920
6920
6921
6922
6926
6926
6926
6927
6928
6927
6925
6924
6924
6925
6925
6923
6924
6924
6924
6925
6925
6928
6929
6928
6927
6927
6926
6924
6923
6920
6918
6918
6917
6917
6916
6916
6917
6918
6918
6917
6916
6917
6915
6916
6917
6916
6916
6915
6916
6915
6915
6915
6913
6913
6912
6912
6913
6915
6918
6920
6921
6923
6922
6923
6924
6922
6921
6922
6923
6923
6924
6925
6926
6925
6925
6923
6925
6925
6928
6926
6927
6926
6928
6930
6930
6931
6932
6930
6935
6932
6932
6933
6933
6929
6929
6931
6932
6932
6932
6933
6932
6934
6935
6935
6935
6934
6933
6934
6933
6934
6933
6933
6933
6934
6935
6939
6940
6940
6941
6940
6939
6938
6938
6938
6937
6936
6936
6934
6933
6933
6934
6935
6935
6934
6936
6937
6939
6940
6940
6940
6939
6939
6939
6939
6936
6937
6937
6939
6939
6939
6937
6937
6938
6941
6942
6940
6938
6936
6936
6937
6937
6939
6937
6936
6937
6937
6936
6937
6939
6939
6941
6942
6943
6943
6944
6943
6943
6943
6946
6946
6946
6947
6949
6949
6950
6951
6950
6950
6950
6950
6951
6951
6950
6952
6953
6953
6953
6953
6953
6953
6955
6953
6954
6954
6954
6953
6952
6952
6952
6950
6951
6951
6952
6951
6952
6951
6954
6955
6956
6955
6953
6956
6958
6957
6958
6958
6956
6956
6954
6952
6951
6951
6950
6953
6953
6953
6954
6953
6953
6953
6954
6954
6953
6953
6953
6951
6950
6951
6952
6954
6954
6954
6954
6953
6953
6953
6952
6952
6953
6953
6952
6951
6950
6951
6952
6952
6955
6953
6950
6952
6951
6951
6948
6946
6943
6941
6941
6941
6943
6941
6940
6942
6943
6943
6943
6946
6945
6944
6943
6942
6942
6943
6940
6940
6939
6941
6940
6938
6939
6938
6937
6935
6936
6939
6938
6938
6937
6935
6935
6938
6940
6941
6940
6942
6942
6941
6941
6940
6941
6943
6942
6940
6939
6939
6939
6941
6942
6941
6942
6942
6941
6942
6942
6942
6940
6940
6942
6943
6941
6940
6940
6940
6939
6939
6940
6942
6942
6944
6944
6946
6947
6947
6948
6947
6946
6947
6946
6946
6947
6949
6949
6951
6950
6950
6951
6950
6949
6949
6948
6949
6949
6951
6950
6950
6949
6947
6946
6945
6943
6943
6943
6943
6943
6943
6940
6938
6938
6937
6938
6938
6939
6940
6942
6941
6942
6941
6942
6941
6943
6941
6941
6942
6943
6941
6940
6939
6940
6939
6936
6935
6936
6936
6937
6939
6939
6943
6940
6940
6941
6940
6938
6940
6941
6940
6940
6939
6937
6938
6939
6938
6938
6940
6939
6937
6939
6939
6938
6937
6938
6938
6937
6937
6938
6936
6935
6933
6934
6935
6932
6934
6932
6930
6932
6931
6929
6931
6933
6933
6932
6932
6934
6933
6932
6932
6931
6932
6931
6932
6934
6936
6934
6935
6934
6934
6933
6933
6933
6933
6934
6934
6933
6936
6936
6935
6933
6932
6930
6928
6927
6928
6930
6926
6924
6919
6918
6916
6916
6918
6920
6920
6921
6922
6921
6920
6920
6919
6917
6917
6919
6916
6917
6917
6916
6914
6916
6915
6919
6919
6920
6920
6921
6919
6919
6922
6922
6923
6926
6926
6928
6925
6923
6925
6926
6925
6921
6922
6921
6921
6921
6918
6919
6918
6920
6920
6920
6921
6924
6922
6923
6923
6927
6926
6929
6929
6929
6927
6928
6929
6931
6932
6932
6931
6931
6932
6930
6930
6930
6935
6935
6934
6934
6935
6934
6935
6933
6935
6935
6933
6934
6933
6935
6933
6934
6937
6937
6937
6937
6934
6933
6935
6935
6936
6935
6936
6935
6934
6934
6934
6935
6936
6936
6936
6936
6936
6934
6933
6932
6932
6931
6931
6930
6929
6931
6933
6932
6931
6932
6931
6931
6935
6937
6936
6935
6935
6935
6936
6937
6936
6937
6936
6935
6935
6936
6937
6937
6938
6937
6938
6935
6936
6938
6939
6939
6940
6942
6942
6942
6941
6941
6939
6938
6939
6938
6937
6937
6936
6937
6939
6940
6941
6941
6941
6943
6943
6944
6944
6944
6945
6945
6945
6944
6943
6941
6940
6940
6940
6940
6940
6942
6940
6941
6940
6939
6939
6939
6941
6940
6939
6939
6936
6934
6935
6935
6935
6937
6936
6935
6938
6938
6935
6934
6935
6933
6932
6931
6933
6933
6933
6932
6933
6934
6932
6934
6934
6933
6932
6931
6933
6932
6931
6930
6928
6927
6925
6925
6923
6924
6926
6925
6924
6924
6922
6923
6923
6922
6921
6920
6919
6919
6919
6919
6918
6920
6921
6917
6916
6917
6917
6918
6919
6920
6919
6921
6920
6922
6923
6922
6924
6922
6923
6924
6924
6923
6925
6926
6925
6925
6927
6927
6927
6932
6933
6934
6934
6934
6934
6935
6935
6935
6935
6936
6936
6934
6933
6934
6935
6936
6936
6937
6937
6938
6937
6936
6937
6936
6934
6933
6932
6932
6934
6935
6933
6933
6935
6936
6935
6934
6934
6934
6934
6933
6934
6933
6934
6933
6933
6932
6932
6933
6933
6933
6934
6934
6932
6931
6932
6934
6933
6933
6933
6934
6935
6937
6935
6934
6934
6932
6932
6928
6926
6928
6928
6927
6926
6926
6927
6928
6930
6931
6931
6930
6928
6929
6928
6929
6930
6929
6928
6927
6928
6927
6928
6928
6929
6929
6929
6929
6931
6934
6935
6934
6933
6933
6931
6930
6931
6930
6930
6928
6928
6926
6924
6924
6923
6924
6923
6923
6924
6922
6919
6919
6921
6919
6919
6919
6921
6920
6918
6918
6916
6916
6917
6918
6921
6921
6919
6918
6919
6922
6921
6921
6922
6920
6920
6920
6919
6919
6921
6921
6918
6918
6918
6917
6917
6916
6916
6913
6913
6912
6911
6914
6913
6914
6917
6919
6920
6920
6922
6922
6923
6923
6923
6922
6923
6923
6926
6927
6927
6926
6925
6925
6926
6925
6925
6925
6926
6926
6925
6922
6921
6920
6917
6918
6919
6918
6917
6919
6920
6920
6920
6921
6922
6921
6921
6921
6921
6920
6921
6924
6922
6923
6922
6922
6922
6922
6922
6922
6924
6923
6926
6927
6928
6928
6928
6927
6926
6925
6924
6926
6926
6924
6923
6925
6925
6926
6925
6926
6927
6929
6931
6931
6931
6934
6936
6939
6938
6939
6939
6940
6941
6941
6941
6937
6934
6932
6933
6934
6932
6932
6935
6937
6935
6935
6934
6934
6936
6936
6937
6938
6940
6938
6940
6938
6940
6940
6941
6943
6942
6942
6942
6942
6941
6941
6941
6943
6944
6943
6943
6944
6945
6946
6946
6944
6943
6943
6941
6940
6938
6939
6938
6938
6938
6938
6937
6936
6937
6936
6936
6937
6938
6939
6941
6938
6939
6940
6939
6940
6943
6943
6944
6944
6942
6942
6942
6942
6942
6942
6942
6944
6944
6942
6941
6938
6940
6940
6941
6942
6942
6941
6941
6942
6942
6943
6944
6943
6943
6942
6940
6940
6938
6937
6935
6936
6935
6933
6931
6929
6928
6929
6929
6926
6927
6928
6928
6929
6929
6931
6932
6931
6931
6931
6931
6928
6927
6926
6926
6926
6926
6926
6927
6928
6929
6927
6926
6927
6928
6928
6928
6930
6928
6928
6927
6926
6924
6924
6925
6926
6924
6922
6921
6922
6923
6925
6926
6925
6925
6927
6928
6930
6929
6931
6931
6932
6932
6932
6933
6934
6935
6934
6934
6934
6936
6934
6934
6932
6933
6933
6932
6933
6934
6935
6935
6932
6930
6932
6930
6928
6930
6929
6930
6930
6930
6928
6926
6929
6929
6931
6932
6934
6934
6936
6936
6939
6939
6938
6937
6938
6939
6938
6939
6941
6939
6938
6939
6941
6942
6942
6942
6942
6942
6943
6943
6942
6941
6940
6940
6941
6940
6941
6941
6941
6941
6942
6943
6943
6945
6945
6946
6946
6947
6946
6946
6945
6944
6945
6948
6948
6950
6951
6949
6949
6950
6950
6951
6951
6950
6950
6950
6950
6946
6947
6948
6948
6947
6945
6944
6944
6944
6947
6947
6945
6946
6945
6945
6945
6947
6948
6947
6948
6948
6947
6948
6947
6949
6949
6948
6948
6950
6949
6950
6952
6954
6956
6956
6955
6952
6952
6952
6953
6953
6953
6952
6951
6952
6952
6952
6953
6952
6952
6950
6951
6949
6948
6948
6945
6946
6947
6948
6948
6948
6948
6947
6946
6943
6942
6942
6939
6939
6939
6939
6938
6937
6934
6934
6935
6936
6938
6940
6938
6937
6934
6935
6935
6936
6939
6938
6939
6939
6939
6939
6938
6938
6937
6938
6938
6938
6941
6942
6942
6940
6940
6942
6941
6939
6940
6941
6940
6938
6938
6937
6936
6936
6933
6932
6930
6930
6928
6927
6926
6925
6926
6926
6925
6925
6927
6926
6925
6926
6927
6925
6925
6925
6923
6924
6925
6922
6922
6923
6922
6922
6919
6919
6919
6921
6923
6923
6924
6923
6923
6921
6922
6921
6919
6917
6914
6913
6911
6910
6912
6913
6913
6912
6910
6912
6914
6914
6914
6915
6915
6913
6913
6912
6914
6914
6916
6917
6917
6918
6921
6920
6919
6918
6919
6919
6922
6922
6921
6921
6922
6926
6927
6928
6930
6929
6930
6930
6928
6926
6928
6928
6929
6926
6922
6922
6923
6922
6922
6921
6921
6919
6919
6917
6916
6917
6917
6916
6917
6915
6915
6913
6914
6915
6916
6917
6916
6913
6913
6913
6913
6915
6915
6913
6913
6915
6914
6913
6911
6911
6912
6912
6914
6916
6915
6914
6915
6914
6914
6914
6915
6915
6914
6915
6915
6915
6914
6914
6912
6912
6914
6915
6916
6916
6915
6915
6916
6915
6912
6912
6911
6912
6913
6914
6914
6914
6916
6919
6919
6921
6919
6919
6920
6919
6921
6921
6920
6918
6916
6916
6914
6911
6912
6912
6912
6912
6910
6912
6914
6913
6913
6912
6913
6915
6916
6916
6917
6916
6917
6918
6916
6916
6915
6916
6916
6917
6920
6919
6919
6920
6919
6919
6919
6920
6919
6917
6916
6916
6916
6917
6914
6915
6918
6916
6916
6915
6915
6916
6915
6915
6917
6917
6917
6915
6914
6916
6916
6915
6917
6920
6921
6923
6924
6924
6926
6927
6927
6928
6930
6929
6928
6927
6927
6929
6928
6929
6930
6930
6929
6928
6927
6925
6923
6925
6925
6926
6926
6925
6925
6925
6922
6923
6920
6920
6919
6920
6921
6919
6919
6920
6920
6918
6917
6920
6919
6921
6921
6923
6923
6923
6922
6924
6923
6922
6921
6919
6920
6921
6922
6922
6921
6921
6920
6919
6917
6916
6914
6913
6912
6911
6913
6915
6912
6910
6911
6911
6915
6913
6913
6914
6913
6913
6915
6913
6910
6909
6907
6909
6909
6909
6910
6911
6911
6909
6909
6911
6912
6913
6910
6911
6912
6913
6914
6912
6913
6911
6911
6911
6910
6909
6908
6905
6907
6907
6908
6906
6905
6904
6904
6907
6908
6910
6910
6911
6912
6913
6914
6915
6915
6915
6914
6915
6913
6914
6914
6912
6912
6912
6915
6915
6915
6916
6914
6913
6912
6912
6912
6911
6912
6914
6913
6914
6915
6916
6915
6915
6913
6912
6916
6915
6915
6915
6914
6916
6915
6916
6915
6915
6914
6914
6915
6913
6912
6913
6914
6915
6918
6919
6918
6919
6919
6917
6917
6919
6919
6918
6918
6917
6918
6915
6913
6913
6911
6910
6909
6909
6908
6909
6907
6907
6903
6904
6905
6904
6905
6903
6905
6904
6904
6904
6904
6903
6901
6901
6900
6899
6899
6898
6899
6899
6897
6898
6897
6897
6898
6898
6897
6898
6898
6898
6898
6899
6897
6899
6897
6898
6898
6900
6901
6900
6900
6900
6899
6899
6900
6901
6900
6900
6899
6898
6898
6899
6898
6898
6898
6898
6899
6898
6896
6895
6895
6893
6894
6895
6895
6898
6899
6898
6897
6897
6899
6900
6900
6898
6894
6895
6895
6894
6893
6892
6893
6890
6893
6895
6896
6896
6894
6895
6893
6894
6890
6889
6886
6888
6888
6888
6885
6887
6887
6891
6892
6893
6894
6892
6892
6892
6896
6897
6897
6895
6892
6892
6890
6889
6884
6883
6885
6884
6884
6884
6884
6885
6889
6888
6890
6889
6888
6888
6885
6884
6882
6881
6880
6880
6880
6881
6880
6880
6880
6880
6880
6879
6878
6875
6875
6875
6875
6872
6873
6875
6875
6877
6877
6879
6877
6876
6878
6879
6878
6880
6878
6876
6876
6877
6879
6879
6878
6878
6877
6878
6876
6876
6875
6874
6874
6877
6875
6873
6873
6874
6875
6875
6875
6877
6877
6877
6875
6877
6874
6874
6873
6875
6873
6871
6873
6873
6873
6874
6871
6870
6869
6871
6870
6871
6870
6866
6866
6864
6864
6866
6866
6863
6862
6864
6862
6863
6862
6865
6866
6870
6871
6869
6870
6871
6871
6870
6868
6870
6869
6869
6869
6867
6867
6866
6867
6867
6868
6869
6871
6870
6871
6871
6872
6872
6871
6870
6870
6871
6872
6873
6874
6875
6874
6875
6873
6874
6874
6879
6879
6879
6879
6879
6879
6878
6876
6876
6876
6875
6874
6872
6870
6870
6869
6868
6868
6870
6870
6869
6870
6868
6866
6865
6865
6863
6862
6865
6866
6867
6868
6869
6868
6869
6869
6868
6866
6866
6870
6872
6870
6869
6865
6869
6868
6872
6872
6874
6873
6874
6870
6870
6868
6870
6871
6870
6871
6870
6872
6872
6873
6871
6872
6872
6872
6875
6876
6877
6878
6876
6875
6874
6875
6875
6875
6876
6874
6874
6876
6879
6880
6879
6881
6881
6883
6884
6884
6885
6886
6885
6886
6887
6887
6886
6885
6884
6885
6886
6887
6889
6888
6886
6886
6885
6884
6881
6881
6880
6878
6878
6878
6878
6876
6877
6877
6877
6876
6876
6875
6875
6875
6875
6875
6875
6876
6876
6877
6876
6876
6875
6874
6875
6877
6877
6877
6876
6876
6877
6874
6871
6868
6868
6868
6869
6868
6868
6867
6867
6867
6863
6863
6863
6863
6862
6863
6863
6862
6862
6861
6861
6860
6860
6860
6858
6861
6863
6865
6870
6870
6872
6874
6873
6874
6874
6873
6874
6873
6872
6873
6873
6875
6875
6875
6877
6878
6877
6877
6878
6876
6877
6875
6875
6877
6876
6874
6875
6875
6874
6874
6873
6874
6873
6878
6877
6879
6878
6878
6879
6879
6877
6875
6877
6876
6879
6878
6878
6882
6881
6880
6880
6880
6881
6880
6880
6882
6885
6887
6885
6885
6885
6886
6886
6887
6888
6888
6890
6891
6893
6893
6893
6893
6891
6891
6892
6893
6892
6893
6894
6894
6897
6899
6900
6902
6903
6905
6906
6905
6907
6906
6907
6908
6907
6907
6909
6908
6907
6909
6911
6914
6913
6913
6912
6912
6913
6914
6913
6913
6908
6910
6910
6910
6909
6911
6910
6911
6912
6914
6913
6912
6912
6910
6908
6908
6909
6907
6908
6907
6906
6902
6901
6900
6902
6902
6904
6905
6902
6903
6903
6903
6902
6904
6902
6900
6900
6899
6899
6901
6901
6901
6899
6897
6897
6897
6899
6900
6900
6899
6899
6895
6897
6898
6901
6901
6900
6899
6898
6897
6898
6896
6896
6897
6897
6899
6900
6899
6899
6897
6898
6899
6900
6904
6903
6903
6902
6900
6898
6899
6898
6899
6897
6897
6895
6897
6899
6901
6902
6906
6906
6906
6905
6907
6907
6905
6905
6905
6905
6908
6908
6908
6907
6907
6907
6906
6902
6905
6905
6908
6907
6907
6908
6905
6905
6905
6903
6905
6906
6908
6908
6909
6906
6906
6906
6904
6905
6906
6905
6907
6908
6907
6906
6905
6906
6909
6909
6909
6907
6906
6906
6905
6905
6905
6904
6903
6903
6902
6901
6901
6900
6898
6898
6897
6897
6898
6897
6897
6899
6899
6900
6901
6904
6904
6904
6906
6907
6907
6909
6907
6908
6906
6905
6906
6904
6902
6902
6901
6901
6900
6898
6900
6902
6903
6902
6902
6904
6902
6903
6902
6900
6900
6899
6900
6898
6899
6901
6901
6902
6903
6902
6901
6901
6903
6902
6901
6901
6901
6902
6903
6903
6905
6906
6907
6908
6906
6906
6907
6908
6908
6909
6909
6905
6905
6905
6904
6904
6904
6903
6907
6907
6905
6906
6908
6910
6911
6912
6911
6912
6911
6910
6910
6909
6908
6907
6907
6906
6908
